cycle,name,Type,ResTurn
7,Staff22,CN,0
7,Staff26,LPN,0
7,Staff31,LPN,0
7,Staff32,RN,0
7,Staff36,RN,0
7,Staff40,CN,0
7,Staff49,CN,0
7,Staff51,CN,0
7,Staff52,CN,0
7,Staff54,CN,0
7,Staff66,CN,0
7,Staff72,CN,0
7,Staff73,CN,0
7,Staff78,RN,0
7,Staff87,LPN,0
7,Staff89,LPN,0
7,Staff96,RN,0
7,Staff104,CN,0
7,Staff115,CN,0
7,Staff120,RN,0
7,Staff121,CN,0
7,Staff127,CN,0
7,Staff137,CN,0
7,Staff138,CN,0
7,Staff147,CN,0
7,Staff149,LPN,0
7,Staff150,CN,0
7,Staff151,CN,0
7,Staff154,CN,0
7,Staff156,CN,0
15,Staff0,LPN,0
15,Staff2,RN,0
15,Staff3,CN,0
15,Staff5,LPN,0
15,Staff6,LPN,0
15,Staff7,CN,0
15,Staff8,CN,0
15,Staff9,CN,0
15,Staff10,CN,0
15,Staff12,CN,0
15,Staff14,RN,0
15,Staff15,CN,0
15,Staff17,LPN,0
15,Staff21,CN,0
15,Staff23,CN,0
15,Staff25,CN,0
15,Staff28,CN,0
15,Staff29,CN,0
15,Staff34,CN,0
15,Staff42,CN,0
15,Staff45,CN,0
15,Staff46,CN,0
15,Staff47,CN,0
15,Staff48,CN,0
15,Staff53,CN,0
15,Staff55,CN,0
15,Staff60,CN,0
15,Staff63,CN,0
15,Staff64,LPN,0
15,Staff65,CN,0
15,Staff67,LPN,0
15,Staff70,CN,0
15,Staff71,RN,0
15,Staff74,LPN,0
15,Staff75,CN,0
15,Staff76,CN,0
15,Staff79,CN,0
15,Staff80,CN,0
15,Staff82,CN,0
15,Staff84,CN,0
15,Staff86,RN,0
15,Staff88,CN,0
15,Staff95,CN,0
15,Staff98,RN,0
15,Staff100,CN,0
15,Staff103,CN,0
15,Staff105,CN,0
15,Staff106,CN,0
15,Staff107,RN,0
15,Staff108,RN,0
15,Staff109,CN,0
15,Staff110,CN,0
15,Staff111,LPN,0
15,Staff114,LPN,0
15,Staff117,CN,0
15,Staff122,CN,0
15,Staff124,LPN,0
15,Staff125,CN,0
15,Staff126,CN,0
15,Staff128,CN,0
15,Staff132,CN,0
15,Staff134,RN,0
15,Staff135,RN,0
15,Staff136,CN,0
15,Staff142,CN,0
15,Staff143,LPN,0
15,Staff163,CN,0
15,Staff167,CN,0
15,Staff168,CN,0
23,Staff1,CN,4
23,Staff4,CN,2
23,Staff11,CN,3
23,Staff13,CN,3
23,Staff16,CN,1
23,Staff18,CN,2
23,Staff19,CN,3
23,Staff20,LPN,20
23,Staff24,CN,1
23,Staff27,CN,4
23,Staff30,CN,2
23,Staff33,CN,2
23,Staff35,LPN,15
23,Staff37,CN,3
23,Staff38,CN,2
23,Staff39,CN,4
23,Staff41,CN,3
23,Staff43,CN,2
23,Staff44,CN,1
23,Staff50,RN,4
23,Staff56,CN,1
23,Staff57,RN,5
23,Staff58,CN,1
23,Staff59,CN,2
23,Staff61,RN,6
23,Staff62,CN,2
23,Staff68,CN,3
23,Staff69,LPN,21
23,Staff77,RN,5
23,Staff81,CN,2
23,Staff83,LPN,8
23,Staff85,CN,2
23,Staff90,CN,1
23,Staff91,CN,2
23,Staff92,LPN,17
23,Staff93,CN,2
23,Staff94,CN,2
23,Staff97,RN,4
23,Staff99,RN,6
23,Staff101,CN,3
23,Staff102,RN,5
23,Staff112,CN,2
23,Staff113,CN,1
23,Staff116,CN,1
23,Staff118,CN,3
23,Staff119,RN,5
23,Staff123,LPN,13
23,Staff129,CN,2
23,Staff130,LPN,18
23,Staff131,LPN,12
23,Staff133,CN,3
23,Staff139,CN,1
23,Staff140,LPN,17
23,Staff141,CN,2
23,Staff144,CN,2
23,Staff145,RN,5
23,Staff146,RN,5
23,Staff148,RN,3
23,Staff152,LPN,22
23,Staff153,LPN,19
23,Staff155,CN,3
23,Staff157,CN,1
23,Staff158,RN,5
23,Staff159,CN,0
23,Staff160,CN,1
23,Staff161,RN,6
23,Staff162,CN,0
23,Staff164,CN,1
23,Staff165,RN,2
23,Staff166,CN,1
23,Staff169,LPN,21
31,Staff22,CN,3
31,Staff26,LPN,14
31,Staff31,LPN,22
31,Staff32,RN,7
31,Staff36,RN,4
31,Staff40,CN,2
31,Staff49,CN,5
31,Staff51,CN,0
31,Staff52,CN,3
31,Staff54,CN,2
31,Staff66,CN,2
31,Staff72,CN,3
31,Staff73,CN,3
31,Staff78,RN,7
31,Staff87,LPN,26
31,Staff89,LPN,20
31,Staff96,RN,6
31,Staff104,CN,2
31,Staff115,CN,1
31,Staff120,RN,6
31,Staff121,CN,4
31,Staff127,CN,2
31,Staff137,CN,1
31,Staff138,CN,2
31,Staff147,CN,4
31,Staff149,LPN,20
31,Staff150,CN,3
31,Staff151,CN,3
31,Staff154,CN,0
31,Staff156,CN,0
39,Staff0,LPN,17
39,Staff2,RN,4
39,Staff3,CN,1
39,Staff5,LPN,19
39,Staff6,LPN,12
39,Staff7,CN,1
39,Staff8,CN,2
39,Staff9,CN,2
39,Staff10,CN,3
39,Staff12,CN,1
39,Staff14,RN,5
39,Staff15,CN,2
39,Staff17,LPN,19
39,Staff21,CN,3
39,Staff23,CN,1
39,Staff25,CN,2
39,Staff28,CN,3
39,Staff29,CN,5
39,Staff34,CN,2
39,Staff42,CN,3
39,Staff45,CN,3
39,Staff46,CN,2
39,Staff47,CN,1
39,Staff48,CN,5
39,Staff53,CN,3
39,Staff55,CN,2
39,Staff60,CN,2
39,Staff63,CN,2
39,Staff64,LPN,25
39,Staff65,CN,4
39,Staff67,LPN,17
39,Staff70,CN,1
39,Staff71,RN,5
39,Staff74,LPN,21
39,Staff75,CN,2
39,Staff76,CN,1
39,Staff79,CN,1
39,Staff80,CN,1
39,Staff82,CN,2
39,Staff84,CN,1
39,Staff86,RN,6
39,Staff88,CN,1
39,Staff95,CN,2
39,Staff98,RN,6
39,Staff100,CN,1
39,Staff103,CN,1
39,Staff105,CN,5
39,Staff106,CN,1
39,Staff107,RN,5
39,Staff108,RN,5
39,Staff109,CN,3
39,Staff110,CN,1
39,Staff111,LPN,20
39,Staff114,LPN,21
39,Staff117,CN,2
39,Staff122,CN,3
39,Staff124,LPN,12
39,Staff125,CN,2
39,Staff126,CN,3
39,Staff128,CN,1
39,Staff132,CN,4
39,Staff134,RN,5
39,Staff135,RN,3
39,Staff136,CN,1
39,Staff142,CN,1
39,Staff143,LPN,17
39,Staff163,CN,3
39,Staff167,CN,3
39,Staff168,CN,1
47,Staff1,CN,4
47,Staff4,CN,2
47,Staff11,CN,3
47,Staff13,CN,2
47,Staff16,CN,1
47,Staff18,CN,1
47,Staff19,CN,0
47,Staff20,LPN,13
47,Staff24,CN,4
47,Staff27,CN,1
47,Staff30,CN,2
47,Staff33,CN,2
47,Staff35,LPN,24
47,Staff37,CN,1
47,Staff38,CN,1
47,Staff39,CN,0
47,Staff41,CN,2
47,Staff43,CN,2
47,Staff44,CN,2
47,Staff50,RN,4
47,Staff56,CN,2
47,Staff57,RN,3
47,Staff58,CN,1
47,Staff59,CN,2
47,Staff61,RN,4
47,Staff62,CN,1
47,Staff68,CN,2
47,Staff69,LPN,17
47,Staff77,RN,6
47,Staff81,CN,5
47,Staff83,LPN,28
47,Staff85,CN,3
47,Staff90,CN,2
47,Staff91,CN,2
47,Staff92,LPN,22
47,Staff93,CN,0
47,Staff94,CN,0
47,Staff97,RN,5
47,Staff99,RN,7
47,Staff101,CN,3
47,Staff102,RN,6
47,Staff112,CN,4
47,Staff113,CN,1
47,Staff116,CN,3
47,Staff118,CN,2
47,Staff119,RN,7
47,Staff123,LPN,22
47,Staff129,CN,3
47,Staff130,LPN,22
47,Staff131,LPN,20
47,Staff133,CN,1
47,Staff139,CN,3
47,Staff140,LPN,23
47,Staff141,CN,3
47,Staff144,CN,0
47,Staff145,RN,6
47,Staff146,RN,6
47,Staff148,RN,7
47,Staff152,LPN,14
47,Staff153,LPN,27
47,Staff155,CN,2
47,Staff157,CN,1
47,Staff158,RN,7
47,Staff159,CN,6
47,Staff160,CN,2
47,Staff161,RN,3
47,Staff162,CN,1
47,Staff164,CN,1
47,Staff165,RN,3
47,Staff166,CN,2
47,Staff169,LPN,19
55,Staff22,CN,3
55,Staff26,LPN,17
55,Staff31,LPN,23
55,Staff32,RN,4
55,Staff36,RN,5
55,Staff40,CN,3
55,Staff49,CN,2
55,Staff51,CN,4
55,Staff52,CN,3
55,Staff54,CN,4
55,Staff66,CN,3
55,Staff72,CN,1
55,Staff73,CN,2
55,Staff78,RN,7
55,Staff87,LPN,20
55,Staff89,LPN,18
55,Staff96,RN,7
55,Staff104,CN,2
55,Staff115,CN,1
55,Staff120,RN,4
55,Staff121,CN,3
55,Staff127,CN,1
55,Staff137,CN,3
55,Staff138,CN,2
55,Staff147,CN,1
55,Staff149,LPN,20
55,Staff150,CN,3
55,Staff151,CN,3
55,Staff154,CN,4
55,Staff156,CN,4
63,Staff0,LPN,19
63,Staff2,RN,6
63,Staff3,CN,0
63,Staff5,LPN,20
63,Staff6,LPN,26
63,Staff7,CN,2
63,Staff8,CN,1
63,Staff9,CN,3
63,Staff10,CN,1
63,Staff12,CN,2
63,Staff14,RN,5
63,Staff15,CN,1
63,Staff17,LPN,15
63,Staff21,CN,2
63,Staff23,CN,2
63,Staff25,CN,2
63,Staff28,CN,1
63,Staff29,CN,3
63,Staff34,CN,1
63,Staff42,CN,2
63,Staff45,CN,4
63,Staff46,CN,2
63,Staff47,CN,1
63,Staff48,CN,2
63,Staff53,CN,2
63,Staff55,CN,3
63,Staff60,CN,4
63,Staff63,CN,5
63,Staff64,LPN,13
63,Staff65,CN,1
63,Staff67,LPN,18
63,Staff70,CN,0
63,Staff71,RN,7
63,Staff74,LPN,17
63,Staff75,CN,0
63,Staff76,CN,1
63,Staff79,CN,2
63,Staff80,CN,6
63,Staff82,CN,2
63,Staff84,CN,1
63,Staff86,RN,6
63,Staff88,CN,0
63,Staff95,CN,1
63,Staff98,RN,7
63,Staff100,CN,3
63,Staff103,CN,1
63,Staff105,CN,3
63,Staff106,CN,2
63,Staff107,RN,7
63,Staff108,RN,7
63,Staff109,CN,2
63,Staff110,CN,2
63,Staff111,LPN,14
63,Staff114,LPN,9
63,Staff117,CN,2
63,Staff122,CN,0
63,Staff124,LPN,23
63,Staff125,CN,2
63,Staff126,CN,1
63,Staff128,CN,1
63,Staff132,CN,4
63,Staff134,RN,4
63,Staff135,RN,5
63,Staff136,CN,1
63,Staff142,CN,1
63,Staff143,LPN,21
63,Staff163,CN,6
63,Staff167,CN,1
63,Staff168,CN,3
71,Staff1,CN,2
71,Staff4,CN,2
71,Staff11,CN,2
71,Staff13,CN,2
71,Staff16,CN,2
71,Staff18,CN,1
71,Staff19,CN,2
71,Staff20,LPN,18
71,Staff24,CN,2
71,Staff27,CN,2
71,Staff30,CN,1
71,Staff33,CN,2
71,Staff35,LPN,25
71,Staff37,CN,1
71,Staff38,CN,2
71,Staff39,CN,2
71,Staff41,CN,2
71,Staff43,CN,1
71,Staff44,CN,3
71,Staff50,RN,3
71,Staff56,CN,3
71,Staff57,RN,3
71,Staff58,CN,3
71,Staff59,CN,2
71,Staff61,RN,5
71,Staff62,CN,3
71,Staff68,CN,3
71,Staff69,LPN,13
71,Staff77,RN,5
71,Staff81,CN,3
71,Staff83,LPN,25
71,Staff85,CN,3
71,Staff90,CN,1
71,Staff91,CN,1
71,Staff92,LPN,17
71,Staff93,CN,1
71,Staff94,CN,2
71,Staff97,RN,5
71,Staff99,RN,7
71,Staff101,CN,3
71,Staff102,RN,6
71,Staff112,CN,2
71,Staff113,CN,2
71,Staff116,CN,1
71,Staff118,CN,1
71,Staff119,RN,7
71,Staff123,LPN,25
71,Staff129,CN,0
71,Staff130,LPN,16
71,Staff131,LPN,12
71,Staff133,CN,2
71,Staff139,CN,0
71,Staff140,LPN,26
71,Staff141,CN,2
71,Staff144,CN,3
71,Staff145,RN,6
71,Staff146,RN,6
71,Staff148,RN,7
71,Staff152,LPN,20
71,Staff153,LPN,17
71,Staff155,CN,1
71,Staff157,CN,4
71,Staff158,RN,6
71,Staff159,CN,1
71,Staff160,CN,3
71,Staff161,RN,6
71,Staff162,CN,2
71,Staff164,CN,4
71,Staff165,RN,6
71,Staff166,CN,2
71,Staff169,LPN,12
79,Staff22,CN,3
79,Staff26,LPN,27
79,Staff31,LPN,22
79,Staff32,RN,5
79,Staff36,RN,6
79,Staff40,CN,2
79,Staff49,CN,3
79,Staff51,CN,2
79,Staff52,CN,1
79,Staff54,CN,2
79,Staff66,CN,1
79,Staff72,CN,1
79,Staff73,CN,2
79,Staff78,RN,7
79,Staff87,LPN,21
79,Staff89,LPN,13
79,Staff96,RN,6
79,Staff104,CN,1
79,Staff115,CN,4
79,Staff120,RN,5
79,Staff121,CN,1
79,Staff127,CN,2
79,Staff137,CN,2
79,Staff138,CN,2
79,Staff147,CN,4
79,Staff149,LPN,8
79,Staff150,CN,4
79,Staff151,CN,1
79,Staff154,CN,2
79,Staff156,CN,2
87,Staff0,LPN,18
87,Staff2,RN,7
87,Staff3,CN,0
87,Staff5,LPN,22
87,Staff6,LPN,18
87,Staff7,CN,2
87,Staff8,CN,3
87,Staff9,CN,1
87,Staff10,CN,3
87,Staff12,CN,2
87,Staff14,RN,5
87,Staff15,CN,2
87,Staff17,LPN,23
87,Staff21,CN,3
87,Staff23,CN,3
87,Staff25,CN,0
87,Staff28,CN,2
87,Staff29,CN,3
87,Staff34,CN,1
87,Staff42,CN,3
87,Staff45,CN,4
87,Staff46,CN,0
87,Staff47,CN,1
87,Staff48,CN,2
87,Staff53,CN,1
87,Staff55,CN,4
87,Staff60,CN,2
87,Staff63,CN,4
87,Staff64,LPN,17
87,Staff65,CN,0
87,Staff67,LPN,20
87,Staff70,CN,2
87,Staff71,RN,6
87,Staff74,LPN,21
87,Staff75,CN,2
87,Staff76,CN,2
87,Staff79,CN,0
87,Staff80,CN,3
87,Staff82,CN,3
87,Staff84,CN,3
87,Staff86,RN,5
87,Staff88,CN,2
87,Staff95,CN,2
87,Staff98,RN,7
87,Staff100,CN,1
87,Staff103,CN,3
87,Staff105,CN,5
87,Staff106,CN,4
87,Staff107,RN,5
87,Staff108,RN,6
87,Staff109,CN,3
87,Staff110,CN,2
87,Staff111,LPN,19
87,Staff114,LPN,21
87,Staff117,CN,2
87,Staff122,CN,1
87,Staff124,LPN,23
87,Staff125,CN,4
87,Staff126,CN,3
87,Staff128,CN,2
87,Staff132,CN,2
87,Staff134,RN,4
87,Staff135,RN,5
87,Staff136,CN,4
87,Staff142,CN,2
87,Staff143,LPN,24
87,Staff163,CN,1
87,Staff167,CN,2
87,Staff168,CN,3
95,Staff1,CN,5
95,Staff4,CN,1
95,Staff11,CN,2
95,Staff13,CN,5
95,Staff16,CN,1
95,Staff18,CN,1
95,Staff19,CN,2
95,Staff20,LPN,15
95,Staff24,CN,4
95,Staff27,CN,2
95,Staff30,CN,2
95,Staff33,CN,2
95,Staff35,LPN,16
95,Staff37,CN,2
95,Staff38,CN,5
95,Staff39,CN,2
95,Staff41,CN,2
95,Staff43,CN,2
95,Staff44,CN,1
95,Staff50,RN,4
95,Staff56,CN,1
95,Staff57,RN,5
95,Staff58,CN,3
95,Staff59,CN,4
95,Staff61,RN,5
95,Staff62,CN,2
95,Staff68,CN,3
95,Staff69,LPN,18
95,Staff77,RN,4
95,Staff81,CN,3
95,Staff83,LPN,26
95,Staff85,CN,3
95,Staff90,CN,2
95,Staff91,CN,2
95,Staff92,LPN,18
95,Staff93,CN,5
95,Staff94,CN,1
95,Staff97,RN,6
95,Staff99,RN,5
95,Staff101,CN,1
95,Staff102,RN,5
95,Staff112,CN,2
95,Staff113,CN,2
95,Staff116,CN,4
95,Staff118,CN,3
95,Staff119,RN,5
95,Staff123,LPN,19
95,Staff129,CN,2
95,Staff130,LPN,16
95,Staff131,LPN,12
95,Staff133,CN,1
95,Staff139,CN,1
95,Staff140,LPN,17
95,Staff141,CN,3
95,Staff144,CN,0
95,Staff145,RN,5
95,Staff146,RN,5
95,Staff148,RN,4
95,Staff152,LPN,14
95,Staff153,LPN,18
95,Staff155,CN,2
95,Staff157,CN,1
95,Staff158,RN,4
95,Staff159,CN,2
95,Staff160,CN,2
95,Staff161,RN,5
95,Staff162,CN,5
95,Staff164,CN,2
95,Staff165,RN,5
95,Staff166,CN,0
95,Staff169,LPN,21
103,Staff22,CN,2
103,Staff26,LPN,18
103,Staff31,LPN,21
103,Staff32,RN,5
103,Staff36,RN,5
103,Staff40,CN,0
103,Staff49,CN,2
103,Staff51,CN,2
103,Staff52,CN,1
103,Staff54,CN,0
103,Staff66,CN,1
103,Staff72,CN,0
103,Staff73,CN,1
103,Staff78,RN,4
103,Staff87,LPN,11
103,Staff89,LPN,17
103,Staff96,RN,4
103,Staff104,CN,4
103,Staff115,CN,0
103,Staff120,RN,6
103,Staff121,CN,1
103,Staff127,CN,2
103,Staff137,CN,2
103,Staff138,CN,2
103,Staff147,CN,3
103,Staff149,LPN,19
103,Staff150,CN,0
103,Staff151,CN,4
103,Staff154,CN,3
103,Staff156,CN,0
111,Staff0,LPN,12
111,Staff2,RN,5
111,Staff3,CN,1
111,Staff5,LPN,31
111,Staff6,LPN,18
111,Staff7,CN,3
111,Staff8,CN,3
111,Staff9,CN,0
111,Staff10,CN,3
111,Staff12,CN,2
111,Staff14,RN,4
111,Staff15,CN,1
111,Staff17,LPN,17
111,Staff21,CN,1
111,Staff23,CN,2
111,Staff25,CN,4
111,Staff28,CN,1
111,Staff29,CN,4
111,Staff34,CN,2
111,Staff42,CN,3
111,Staff45,CN,0
111,Staff46,CN,1
111,Staff47,CN,1
111,Staff48,CN,0
111,Staff53,CN,1
111,Staff55,CN,3
111,Staff60,CN,1
111,Staff63,CN,2
111,Staff64,LPN,18
111,Staff65,CN,0
111,Staff67,LPN,27
111,Staff70,CN,3
111,Staff71,RN,5
111,Staff74,LPN,15
111,Staff75,CN,0
111,Staff76,CN,1
111,Staff79,CN,2
111,Staff80,CN,2
111,Staff82,CN,4
111,Staff84,CN,3
111,Staff86,RN,5
111,Staff88,CN,2
111,Staff95,CN,3
111,Staff98,RN,3
111,Staff100,CN,1
111,Staff103,CN,3
111,Staff105,CN,1
111,Staff106,CN,3
111,Staff107,RN,5
111,Staff108,RN,7
111,Staff109,CN,3
111,Staff110,CN,2
111,Staff111,LPN,28
111,Staff114,LPN,15
111,Staff117,CN,3
111,Staff122,CN,1
111,Staff124,LPN,21
111,Staff125,CN,2
111,Staff126,CN,2
111,Staff128,CN,1
111,Staff132,CN,3
111,Staff134,RN,5
111,Staff135,RN,6
111,Staff136,CN,4
111,Staff142,CN,4
111,Staff143,LPN,22
111,Staff163,CN,2
111,Staff167,CN,3
111,Staff168,CN,2
119,Staff1,CN,2
119,Staff4,CN,2
119,Staff11,CN,2
119,Staff13,CN,2
119,Staff16,CN,3
119,Staff18,CN,1
119,Staff19,CN,2
119,Staff20,LPN,9
119,Staff24,CN,3
119,Staff27,CN,1
119,Staff30,CN,1
119,Staff33,CN,1
119,Staff35,LPN,22
119,Staff37,CN,3
119,Staff38,CN,2
119,Staff39,CN,3
119,Staff41,CN,3
119,Staff43,CN,2
119,Staff44,CN,1
119,Staff50,RN,6
119,Staff56,CN,1
119,Staff57,RN,4
119,Staff58,CN,2
119,Staff59,CN,2
119,Staff61,RN,4
119,Staff62,CN,4
119,Staff68,CN,2
119,Staff69,LPN,24
119,Staff77,RN,6
119,Staff81,CN,2
119,Staff83,LPN,16
119,Staff85,CN,2
119,Staff90,CN,1
119,Staff91,CN,1
119,Staff92,LPN,22
119,Staff93,CN,2
119,Staff94,CN,2
119,Staff97,RN,5
119,Staff99,RN,4
119,Staff101,CN,1
119,Staff102,RN,7
119,Staff112,CN,1
119,Staff113,CN,3
119,Staff116,CN,1
119,Staff118,CN,2
119,Staff119,RN,7
119,Staff123,LPN,18
119,Staff129,CN,1
119,Staff130,LPN,21
119,Staff131,LPN,17
119,Staff133,CN,2
119,Staff139,CN,2
119,Staff140,LPN,15
119,Staff141,CN,2
119,Staff144,CN,2
119,Staff145,RN,6
119,Staff146,RN,5
119,Staff148,RN,6
119,Staff152,LPN,24
119,Staff153,LPN,16
119,Staff155,CN,2
119,Staff157,CN,3
119,Staff158,RN,5
119,Staff159,CN,4
119,Staff160,CN,2
119,Staff161,RN,6
119,Staff162,CN,4
119,Staff164,CN,1
119,Staff165,RN,4
119,Staff166,CN,2
119,Staff169,LPN,18
127,Staff22,CN,2
127,Staff26,LPN,16
127,Staff31,LPN,25
127,Staff32,RN,4
127,Staff36,RN,6
127,Staff40,CN,3
127,Staff49,CN,1
127,Staff51,CN,2
127,Staff52,CN,2
127,Staff54,CN,1
127,Staff66,CN,3
127,Staff72,CN,1
127,Staff73,CN,2
127,Staff78,RN,6
127,Staff87,LPN,24
127,Staff89,LPN,31
127,Staff96,RN,7
127,Staff104,CN,3
127,Staff115,CN,2
127,Staff120,RN,6
127,Staff121,CN,0
127,Staff127,CN,3
127,Staff137,CN,1
127,Staff138,CN,3
127,Staff147,CN,1
127,Staff149,LPN,8
127,Staff150,CN,2
127,Staff151,CN,2
127,Staff154,CN,2
127,Staff156,CN,2
135,Staff0,LPN,14
135,Staff3,CN,2
135,Staff5,LPN,19
135,Staff6,LPN,14
135,Staff7,CN,3
135,Staff8,CN,3
135,Staff9,CN,4
135,Staff10,CN,2
135,Staff12,CN,2
135,Staff14,RN,6
135,Staff15,CN,5
135,Staff17,LPN,24
135,Staff21,CN,3
135,Staff23,CN,3
135,Staff25,CN,5
135,Staff28,CN,2
135,Staff29,CN,2
135,Staff34,CN,2
135,Staff42,CN,2
135,Staff45,CN,2
135,Staff46,CN,3
135,Staff47,CN,4
135,Staff48,CN,2
135,Staff53,CN,1
135,Staff55,CN,4
135,Staff60,CN,2
135,Staff63,CN,4
135,Staff64,LPN,19
135,Staff65,CN,0
135,Staff67,LPN,15
135,Staff70,CN,3
135,Staff71,RN,5
135,Staff74,LPN,22
135,Staff75,CN,2
135,Staff76,CN,1
135,Staff79,CN,2
135,Staff80,CN,2
135,Staff82,CN,3
135,Staff84,CN,1
135,Staff86,RN,5
135,Staff88,CN,2
135,Staff95,CN,1
135,Staff98,RN,6
135,Staff100,CN,3
135,Staff103,CN,1
135,Staff105,CN,2
135,Staff106,CN,3
135,Staff107,RN,6
135,Staff108,RN,4
135,Staff109,CN,3
135,Staff110,CN,0
135,Staff111,LPN,19
135,Staff114,LPN,12
135,Staff117,CN,2
135,Staff122,CN,4
135,Staff124,LPN,20
135,Staff125,CN,3
135,Staff126,CN,2
135,Staff128,CN,2
135,Staff132,CN,3
135,Staff134,RN,6
135,Staff135,RN,6
135,Staff136,CN,2
135,Staff142,CN,5
135,Staff143,LPN,30
135,Staff163,CN,3
135,Staff167,CN,2
135,Staff168,CN,3
143,Staff1,CN,1
143,Staff4,CN,2
143,Staff11,CN,3
143,Staff13,CN,3
143,Staff16,CN,1
143,Staff18,CN,3
143,Staff19,CN,1
143,Staff20,LPN,20
143,Staff24,CN,1
143,Staff27,CN,2
143,Staff30,CN,5
143,Staff33,CN,3
143,Staff35,LPN,21
143,Staff37,CN,4
143,Staff38,CN,3
143,Staff39,CN,1
143,Staff41,CN,3
143,Staff43,CN,3
143,Staff44,CN,4
143,Staff50,RN,3
143,Staff56,CN,3
143,Staff57,RN,4
143,Staff58,CN,1
143,Staff59,CN,3
143,Staff61,RN,4
143,Staff62,CN,2
143,Staff68,CN,1
143,Staff69,LPN,22
143,Staff77,RN,7
143,Staff81,CN,3
143,Staff83,LPN,27
143,Staff85,CN,2
143,Staff90,CN,0
143,Staff91,CN,2
143,Staff92,LPN,18
143,Staff93,CN,2
143,Staff94,CN,3
143,Staff97,RN,5
143,Staff99,RN,5
143,Staff101,CN,0
143,Staff102,RN,5
143,Staff112,CN,2
143,Staff113,CN,2
143,Staff116,CN,3
143,Staff118,CN,3
143,Staff119,RN,5
143,Staff123,LPN,26
143,Staff129,CN,0
143,Staff130,LPN,17
143,Staff131,LPN,14
143,Staff133,CN,5
143,Staff139,CN,2
143,Staff140,LPN,22
143,Staff141,CN,1
143,Staff144,CN,4
143,Staff145,RN,5
143,Staff148,RN,6
143,Staff152,LPN,23
143,Staff153,LPN,28
143,Staff155,CN,3
143,Staff157,CN,2
143,Staff158,RN,3
143,Staff159,CN,2
143,Staff160,CN,6
143,Staff161,RN,6
143,Staff162,CN,1
143,Staff164,CN,5
143,Staff165,RN,7
143,Staff166,CN,3
143,Staff169,LPN,19
151,Staff22,CN,5
151,Staff26,LPN,21
151,Staff31,LPN,25
151,Staff32,RN,6
151,Staff36,RN,7
151,Staff40,CN,3
151,Staff49,CN,2
151,Staff51,CN,2
151,Staff52,CN,2
151,Staff54,CN,3
151,Staff66,CN,2
151,Staff72,CN,2
151,Staff73,CN,2
151,Staff78,RN,6
151,Staff87,LPN,22
151,Staff89,LPN,19
151,Staff96,RN,7
151,Staff104,CN,1
151,Staff115,CN,1
151,Staff120,RN,5
151,Staff121,CN,3
151,Staff127,CN,2
151,Staff137,CN,1
151,Staff138,CN,2
151,Staff147,CN,1
151,Staff149,LPN,23
151,Staff150,CN,3
151,Staff151,CN,1
151,Staff154,CN,2
151,Staff156,CN,2
159,Staff0,LPN,23
159,Staff3,CN,3
159,Staff5,LPN,23
159,Staff6,LPN,22
159,Staff7,CN,1
159,Staff8,CN,0
159,Staff9,CN,0
159,Staff10,CN,1
159,Staff12,CN,2
159,Staff14,RN,4
159,Staff15,CN,3
159,Staff17,LPN,20
159,Staff21,CN,2
159,Staff23,CN,1
159,Staff25,CN,5
159,Staff28,CN,2
159,Staff29,CN,4
159,Staff34,CN,3
159,Staff42,CN,3
159,Staff45,CN,3
159,Staff46,CN,2
159,Staff47,CN,2
159,Staff48,CN,1
159,Staff53,CN,0
159,Staff55,CN,2
159,Staff60,CN,1
159,Staff63,CN,0
159,Staff64,LPN,23
159,Staff65,CN,1
159,Staff67,LPN,23
159,Staff70,CN,3
159,Staff71,RN,5
159,Staff74,LPN,19
159,Staff75,CN,1
159,Staff76,CN,1
159,Staff79,CN,2
159,Staff80,CN,4
159,Staff82,CN,1
159,Staff84,CN,2
159,Staff86,RN,6
159,Staff88,CN,1
159,Staff95,CN,2
159,Staff98,RN,6
159,Staff100,CN,2
159,Staff103,CN,1
159,Staff105,CN,2
159,Staff106,CN,2
159,Staff107,RN,6
159,Staff108,RN,3
159,Staff109,CN,4
159,Staff110,CN,3
159,Staff111,LPN,18
159,Staff114,LPN,21
159,Staff117,CN,2
159,Staff122,CN,3
159,Staff124,LPN,23
159,Staff125,CN,4
159,Staff126,CN,2
159,Staff128,CN,2
159,Staff132,CN,0
159,Staff134,RN,7
159,Staff135,RN,5
159,Staff136,CN,1
159,Staff142,CN,5
159,Staff143,LPN,22
159,Staff163,CN,1
159,Staff167,CN,1
159,Staff168,CN,2
167,Staff1,CN,2
167,Staff4,CN,2
167,Staff11,CN,2
167,Staff13,CN,2
167,Staff16,CN,3
167,Staff18,CN,6
167,Staff19,CN,1
167,Staff20,LPN,24
167,Staff24,CN,2
167,Staff27,CN,0
167,Staff30,CN,0
167,Staff33,CN,2
167,Staff35,LPN,21
167,Staff37,CN,3
167,Staff38,CN,3
167,Staff39,CN,2
167,Staff41,CN,3
167,Staff43,CN,3
167,Staff44,CN,3
167,Staff50,RN,6
167,Staff56,CN,2
167,Staff57,RN,6
167,Staff58,CN,2
167,Staff59,CN,1
167,Staff61,RN,5
167,Staff62,CN,2
167,Staff68,CN,1
167,Staff69,LPN,17
167,Staff77,RN,6
167,Staff81,CN,2
167,Staff83,LPN,9
167,Staff85,CN,3
167,Staff90,CN,3
167,Staff91,CN,0
167,Staff92,LPN,11
167,Staff93,CN,1
167,Staff94,CN,3
167,Staff97,RN,4
167,Staff99,RN,4
167,Staff101,CN,2
167,Staff102,RN,7
167,Staff112,CN,2
167,Staff113,CN,2
167,Staff116,CN,2
167,Staff118,CN,2
167,Staff119,RN,4
167,Staff123,LPN,18
167,Staff129,CN,1
167,Staff130,LPN,26
167,Staff131,LPN,26
167,Staff133,CN,1
167,Staff139,CN,2
167,Staff140,LPN,11
167,Staff141,CN,2
167,Staff144,CN,3
167,Staff145,RN,1
167,Staff148,RN,4
167,Staff152,LPN,23
167,Staff153,LPN,11
167,Staff155,CN,2
167,Staff157,CN,3
167,Staff158,RN,5
167,Staff159,CN,2
167,Staff160,CN,3
167,Staff161,RN,6
167,Staff162,CN,3
167,Staff164,CN,2
167,Staff165,RN,7
167,Staff166,CN,0
167,Staff169,LPN,29
175,Staff22,CN,0
175,Staff26,LPN,13
175,Staff31,LPN,21
175,Staff32,RN,3
175,Staff36,RN,6
175,Staff40,CN,2
175,Staff49,CN,3
175,Staff51,CN,1
175,Staff52,CN,3
175,Staff54,CN,2
175,Staff66,CN,3
175,Staff72,CN,1
175,Staff73,CN,1
175,Staff78,RN,6
175,Staff87,LPN,23
175,Staff89,LPN,21
175,Staff96,RN,4
175,Staff104,CN,2
175,Staff115,CN,0
175,Staff120,RN,5
175,Staff121,CN,1
175,Staff127,CN,1
175,Staff137,CN,2
175,Staff138,CN,3
175,Staff147,CN,2
175,Staff149,LPN,23
175,Staff150,CN,3
175,Staff151,CN,2
175,Staff154,CN,2
175,Staff156,CN,2
183,Staff0,LPN,20
183,Staff3,CN,3
183,Staff5,LPN,19
183,Staff6,LPN,22
183,Staff7,CN,2
183,Staff8,CN,3
183,Staff9,CN,2
183,Staff10,CN,2
183,Staff12,CN,1
183,Staff14,RN,6
183,Staff15,CN,3
183,Staff17,LPN,22
183,Staff21,CN,3
183,Staff23,CN,1
183,Staff25,CN,0
183,Staff28,CN,3
183,Staff29,CN,2
183,Staff34,CN,1
183,Staff42,CN,3
183,Staff45,CN,1
183,Staff46,CN,1
183,Staff47,CN,2
183,Staff48,CN,3
183,Staff53,CN,0
183,Staff55,CN,1
183,Staff60,CN,2
183,Staff63,CN,2
183,Staff64,LPN,23
183,Staff65,CN,2
183,Staff67,LPN,24
183,Staff70,CN,3
183,Staff71,RN,7
183,Staff74,LPN,14
183,Staff75,CN,2
183,Staff76,CN,0
183,Staff79,CN,5
183,Staff80,CN,2
183,Staff82,CN,2
183,Staff84,CN,5
183,Staff86,RN,5
183,Staff88,CN,4
183,Staff95,CN,1
183,Staff98,RN,7
183,Staff100,CN,3
183,Staff103,CN,1
183,Staff105,CN,1
183,Staff106,CN,3
183,Staff107,RN,5
183,Staff108,RN,5
183,Staff109,CN,4
183,Staff110,CN,2
183,Staff111,LPN,17
183,Staff114,LPN,14
183,Staff117,CN,1
183,Staff122,CN,2
183,Staff124,LPN,17
183,Staff125,CN,3
183,Staff126,CN,2
183,Staff128,CN,5
183,Staff132,CN,2
183,Staff134,RN,7
183,Staff135,RN,5
183,Staff136,CN,4
183,Staff142,CN,1
183,Staff143,LPN,24
183,Staff163,CN,1
183,Staff167,CN,1
183,Staff168,CN,3
191,Staff1,CN,1
191,Staff4,CN,1
191,Staff11,CN,2
191,Staff13,CN,1
191,Staff16,CN,3
191,Staff18,CN,3
191,Staff19,CN,5
191,Staff20,LPN,17
191,Staff24,CN,2
191,Staff27,CN,3
191,Staff30,CN,3
191,Staff33,CN,3
191,Staff35,LPN,22
191,Staff37,CN,1
191,Staff38,CN,1
191,Staff39,CN,3
191,Staff41,CN,2
191,Staff43,CN,1
191,Staff44,CN,1
191,Staff50,RN,6
191,Staff56,CN,1
191,Staff57,RN,4
191,Staff58,CN,3
191,Staff59,CN,3
191,Staff61,RN,6
191,Staff62,CN,2
191,Staff68,CN,3
191,Staff69,LPN,23
191,Staff77,RN,5
191,Staff81,CN,3
191,Staff83,LPN,25
191,Staff85,CN,4
191,Staff90,CN,2
191,Staff91,CN,1
191,Staff92,LPN,22
191,Staff93,CN,1
191,Staff94,CN,5
191,Staff97,RN,7
191,Staff99,RN,6
191,Staff101,CN,5
191,Staff102,RN,7
191,Staff112,CN,2
191,Staff113,CN,1
191,Staff116,CN,1
191,Staff118,CN,1
191,Staff119,RN,5
191,Staff123,LPN,29
191,Staff129,CN,1
191,Staff130,LPN,7
191,Staff131,LPN,17
191,Staff133,CN,4
191,Staff139,CN,3
191,Staff140,LPN,25
191,Staff141,CN,3
191,Staff144,CN,2
191,Staff145,RN,6
191,Staff148,RN,4
191,Staff152,LPN,28
191,Staff153,LPN,13
191,Staff155,CN,2
191,Staff157,CN,4
191,Staff158,RN,6
191,Staff159,CN,2
191,Staff160,CN,2
191,Staff161,RN,5
191,Staff162,CN,1
191,Staff164,CN,3
191,Staff165,RN,4
191,Staff166,CN,2
191,Staff169,LPN,18
199,Staff22,CN,2
199,Staff26,LPN,21
199,Staff31,LPN,9
199,Staff32,RN,7
199,Staff36,RN,4
199,Staff40,CN,1
199,Staff49,CN,2
199,Staff51,CN,2
199,Staff52,CN,3
199,Staff54,CN,1
199,Staff66,CN,1
199,Staff72,CN,2
199,Staff73,CN,1
199,Staff78,RN,7
199,Staff87,LPN,18
199,Staff89,LPN,19
199,Staff96,RN,3
199,Staff104,CN,2
199,Staff115,CN,3
199,Staff120,RN,6
199,Staff121,CN,0
199,Staff127,CN,3
199,Staff137,CN,1
199,Staff138,CN,2
199,Staff147,CN,1
199,Staff149,LPN,13
199,Staff150,CN,2
199,Staff151,CN,3
199,Staff154,CN,1
199,Staff156,CN,1
207,Staff0,LPN,13
207,Staff3,CN,2
207,Staff5,LPN,20
207,Staff6,LPN,21
207,Staff7,CN,0
207,Staff8,CN,1
207,Staff9,CN,3
207,Staff10,CN,1
207,Staff12,CN,3
207,Staff14,RN,7
207,Staff15,CN,1
207,Staff17,LPN,20
207,Staff21,CN,2
207,Staff23,CN,2
207,Staff25,CN,0
207,Staff28,CN,4
207,Staff29,CN,1
207,Staff34,CN,2
207,Staff42,CN,1
207,Staff45,CN,2
207,Staff46,CN,3
207,Staff47,CN,3
207,Staff48,CN,1
207,Staff53,CN,1
207,Staff55,CN,1
207,Staff60,CN,1
207,Staff63,CN,0
207,Staff64,LPN,19
207,Staff65,CN,1
207,Staff67,LPN,22
207,Staff70,CN,1
207,Staff71,RN,5
207,Staff74,LPN,16
207,Staff75,CN,1
207,Staff76,CN,0
207,Staff79,CN,1
207,Staff80,CN,1
207,Staff82,CN,2
207,Staff84,CN,5
207,Staff86,RN,3
207,Staff88,CN,2
207,Staff95,CN,1
207,Staff98,RN,6
207,Staff100,CN,1
207,Staff103,CN,3
207,Staff105,CN,5
207,Staff106,CN,1
207,Staff107,RN,3
207,Staff108,RN,6
207,Staff109,CN,0
207,Staff110,CN,2
207,Staff111,LPN,18
207,Staff114,LPN,25
207,Staff117,CN,2
207,Staff122,CN,3
207,Staff124,LPN,13
207,Staff125,CN,2
207,Staff126,CN,2
207,Staff128,CN,2
207,Staff132,CN,3
207,Staff134,RN,5
207,Staff135,RN,6
207,Staff136,CN,2
207,Staff142,CN,3
207,Staff143,LPN,14
207,Staff163,CN,4
207,Staff167,CN,2
207,Staff168,CN,4
215,Staff1,CN,1
215,Staff4,CN,3
215,Staff11,CN,5
215,Staff13,CN,5
215,Staff16,CN,0
215,Staff18,CN,2
215,Staff19,CN,1
215,Staff20,LPN,23
215,Staff24,CN,1
215,Staff27,CN,2
215,Staff30,CN,2
215,Staff33,CN,3
215,Staff35,LPN,24
215,Staff37,CN,0
215,Staff38,CN,3
215,Staff39,CN,2
215,Staff41,CN,3
215,Staff43,CN,2
215,Staff44,CN,3
215,Staff50,RN,6
215,Staff56,CN,2
215,Staff57,RN,5
215,Staff58,CN,1
215,Staff59,CN,3
215,Staff61,RN,6
215,Staff62,CN,3
215,Staff68,CN,1
215,Staff69,LPN,11
215,Staff77,RN,6
215,Staff81,CN,4
215,Staff83,LPN,22
215,Staff85,CN,2
215,Staff90,CN,0
215,Staff91,CN,3
215,Staff92,LPN,20
215,Staff93,CN,3
215,Staff94,CN,4
215,Staff97,RN,6
215,Staff99,RN,5
215,Staff101,CN,3
215,Staff102,RN,6
215,Staff112,CN,4
215,Staff113,CN,1
215,Staff116,CN,2
215,Staff118,CN,1
215,Staff119,RN,6
215,Staff123,LPN,19
215,Staff129,CN,1
215,Staff130,LPN,21
215,Staff131,LPN,15
215,Staff133,CN,3
215,Staff139,CN,3
215,Staff140,LPN,19
215,Staff141,CN,0
215,Staff144,CN,3
215,Staff145,RN,3
215,Staff148,RN,6
215,Staff152,LPN,19
215,Staff153,LPN,20
215,Staff155,CN,5
215,Staff157,CN,2
215,Staff158,RN,5
215,Staff159,CN,1
215,Staff160,CN,1
215,Staff161,RN,6
215,Staff162,CN,1
215,Staff164,CN,2
215,Staff165,RN,6
215,Staff166,CN,2
215,Staff169,LPN,22
223,Staff22,CN,2
223,Staff26,LPN,29
223,Staff31,LPN,29
223,Staff32,RN,4
223,Staff36,RN,5
223,Staff40,CN,3
223,Staff49,CN,3
223,Staff51,CN,3
223,Staff52,CN,2
223,Staff54,CN,0
223,Staff66,CN,1
223,Staff72,CN,5
223,Staff73,CN,0
223,Staff78,RN,4
223,Staff87,LPN,17
223,Staff89,LPN,10
223,Staff96,RN,4
223,Staff104,CN,0
223,Staff115,CN,0
223,Staff120,RN,6
223,Staff121,CN,0
223,Staff127,CN,2
223,Staff137,CN,2
223,Staff138,CN,3
223,Staff147,CN,1
223,Staff149,LPN,27
223,Staff150,CN,1
223,Staff151,CN,5
223,Staff154,CN,3
223,Staff156,CN,1
231,Staff0,LPN,29
231,Staff3,CN,3
231,Staff5,LPN,10
231,Staff6,LPN,19
231,Staff7,CN,2
231,Staff8,CN,0
231,Staff9,CN,2
231,Staff10,CN,2
231,Staff12,CN,2
231,Staff14,RN,5
231,Staff15,CN,1
231,Staff17,LPN,17
231,Staff21,CN,3
231,Staff23,CN,2
231,Staff25,CN,4
231,Staff28,CN,4
231,Staff29,CN,2
231,Staff34,CN,1
231,Staff42,CN,2
231,Staff45,CN,2
231,Staff46,CN,0
231,Staff47,CN,3
231,Staff48,CN,1
231,Staff53,CN,0
231,Staff55,CN,3
231,Staff60,CN,3
231,Staff63,CN,3
231,Staff64,LPN,23
231,Staff65,CN,3
231,Staff67,LPN,17
231,Staff70,CN,4
231,Staff71,RN,7
231,Staff74,LPN,12
231,Staff75,CN,3
231,Staff76,CN,1
231,Staff79,CN,1
231,Staff80,CN,1
231,Staff82,CN,2
231,Staff84,CN,1
231,Staff86,RN,6
231,Staff88,CN,1
231,Staff95,CN,4
231,Staff98,RN,6
231,Staff100,CN,2
231,Staff103,CN,2
231,Staff105,CN,3
231,Staff106,CN,3
231,Staff107,RN,6
231,Staff108,RN,7
231,Staff109,CN,1
231,Staff110,CN,1
231,Staff111,LPN,18
231,Staff114,LPN,19
231,Staff117,CN,2
231,Staff122,CN,2
231,Staff124,LPN,19
231,Staff125,CN,2
231,Staff126,CN,2
231,Staff128,CN,4
231,Staff132,CN,3
231,Staff134,RN,5
231,Staff135,RN,6
231,Staff136,CN,4
231,Staff142,CN,3
231,Staff143,LPN,16
231,Staff163,CN,1
231,Staff167,CN,0
231,Staff168,CN,1
239,Staff1,CN,5
239,Staff4,CN,1
239,Staff11,CN,1
239,Staff13,CN,1
239,Staff16,CN,2
239,Staff18,CN,4
239,Staff19,CN,2
239,Staff20,LPN,18
239,Staff24,CN,2
239,Staff27,CN,1
239,Staff30,CN,1
239,Staff33,CN,2
239,Staff35,LPN,23
239,Staff37,CN,4
239,Staff38,CN,2
239,Staff39,CN,1
239,Staff41,CN,0
239,Staff43,CN,0
239,Staff44,CN,4
239,Staff50,RN,6
239,Staff56,CN,1
239,Staff57,RN,4
239,Staff58,CN,3
239,Staff59,CN,1
239,Staff61,RN,4
239,Staff62,CN,2
239,Staff68,CN,3
239,Staff69,LPN,27
239,Staff77,RN,4
239,Staff81,CN,1
239,Staff83,LPN,22
239,Staff85,CN,4
239,Staff90,CN,2
239,Staff91,CN,3
239,Staff92,LPN,18
239,Staff93,CN,4
239,Staff94,CN,0
239,Staff97,RN,7
239,Staff99,RN,5
239,Staff101,CN,1
239,Staff102,RN,4
239,Staff112,CN,1
239,Staff113,CN,2
239,Staff116,CN,2
239,Staff118,CN,3
239,Staff119,RN,6
239,Staff123,LPN,16
239,Staff129,CN,2
239,Staff130,LPN,17
239,Staff131,LPN,14
239,Staff133,CN,1
239,Staff139,CN,1
239,Staff140,LPN,18
239,Staff141,CN,3
239,Staff144,CN,2
239,Staff145,RN,3
239,Staff148,RN,4
239,Staff152,LPN,26
239,Staff153,LPN,16
239,Staff155,CN,3
239,Staff157,CN,3
239,Staff158,RN,6
239,Staff159,CN,1
239,Staff160,CN,4
239,Staff161,RN,6
239,Staff162,CN,4
239,Staff164,CN,4
239,Staff165,RN,4
239,Staff166,CN,2
239,Staff169,LPN,28
247,Staff22,CN,0
247,Staff26,LPN,12
247,Staff31,LPN,10
247,Staff32,RN,4
247,Staff36,RN,5
247,Staff40,CN,2
247,Staff49,CN,0
247,Staff51,CN,2
247,Staff52,CN,3
247,Staff54,CN,3
247,Staff66,CN,1
247,Staff72,CN,1
247,Staff73,CN,1
247,Staff78,RN,6
247,Staff87,LPN,23
247,Staff89,LPN,19
247,Staff96,RN,6
247,Staff104,CN,3
247,Staff115,CN,1
247,Staff120,RN,7
247,Staff121,CN,2
247,Staff127,CN,3
247,Staff137,CN,2
247,Staff138,CN,0
247,Staff147,CN,4
247,Staff149,LPN,20
247,Staff150,CN,2
247,Staff151,CN,3
247,Staff154,CN,2
247,Staff156,CN,3
255,Staff0,LPN,16
255,Staff3,CN,4
255,Staff5,LPN,26
255,Staff6,LPN,23
255,Staff7,CN,2
255,Staff8,CN,3
255,Staff9,CN,2
255,Staff10,CN,2
255,Staff12,CN,1
255,Staff14,RN,4
255,Staff15,CN,0
255,Staff17,LPN,23
255,Staff21,CN,2
255,Staff23,CN,3
255,Staff25,CN,3
255,Staff28,CN,4
255,Staff29,CN,2
255,Staff34,CN,0
255,Staff42,CN,1
255,Staff45,CN,3
255,Staff46,CN,3
255,Staff47,CN,3
255,Staff48,CN,2
255,Staff53,CN,1
255,Staff55,CN,3
255,Staff60,CN,2
255,Staff63,CN,3
255,Staff64,LPN,21
255,Staff65,CN,3
255,Staff67,LPN,13
255,Staff70,CN,3
255,Staff71,RN,5
255,Staff74,LPN,25
255,Staff75,CN,1
255,Staff76,CN,0
255,Staff79,CN,3
255,Staff80,CN,1
255,Staff82,CN,2
255,Staff84,CN,2
255,Staff86,RN,3
255,Staff88,CN,4
255,Staff95,CN,1
255,Staff98,RN,6
255,Staff100,CN,0
255,Staff103,CN,3
255,Staff105,CN,1
255,Staff106,CN,2
255,Staff107,RN,6
255,Staff108,RN,3
255,Staff109,CN,1
255,Staff110,CN,2
255,Staff111,LPN,11
255,Staff114,LPN,14
255,Staff117,CN,2
255,Staff122,CN,3
255,Staff124,LPN,19
255,Staff125,CN,2
255,Staff126,CN,1
255,Staff128,CN,1
255,Staff132,CN,4
255,Staff134,RN,6
255,Staff135,RN,5
255,Staff136,CN,2
255,Staff142,CN,2
255,Staff143,LPN,25
255,Staff163,CN,1
255,Staff167,CN,3
255,Staff168,CN,0
263,Staff1,CN,2
263,Staff4,CN,1
263,Staff11,CN,0
263,Staff13,CN,3
263,Staff16,CN,3
263,Staff18,CN,2
263,Staff19,CN,1
263,Staff20,LPN,18
263,Staff27,CN,1
263,Staff30,CN,2
263,Staff33,CN,2
263,Staff35,LPN,16
263,Staff37,CN,4
263,Staff38,CN,0
263,Staff39,CN,3
263,Staff41,CN,0
263,Staff44,CN,4
263,Staff50,RN,5
263,Staff56,CN,3
263,Staff57,RN,3
263,Staff58,CN,3
263,Staff59,CN,1
263,Staff61,RN,4
263,Staff62,CN,4
263,Staff69,LPN,21
263,Staff77,RN,5
263,Staff81,CN,1
263,Staff83,LPN,14
263,Staff85,CN,4
263,Staff90,CN,3
263,Staff91,CN,1
263,Staff92,LPN,27
263,Staff93,CN,3
263,Staff94,CN,2
263,Staff97,RN,6
263,Staff99,RN,7
263,Staff101,CN,2
263,Staff102,RN,6
263,Staff112,CN,3
263,Staff113,CN,3
263,Staff116,CN,3
263,Staff118,CN,3
263,Staff119,RN,6
263,Staff123,LPN,18
263,Staff129,CN,2
263,Staff130,LPN,17
263,Staff131,LPN,14
263,Staff133,CN,1
263,Staff139,CN,1
263,Staff140,LPN,22
263,Staff141,CN,2
263,Staff144,CN,1
263,Staff145,RN,4
263,Staff148,RN,3
263,Staff152,LPN,22
263,Staff155,CN,2
263,Staff157,CN,0
263,Staff158,RN,3
263,Staff159,CN,1
263,Staff160,CN,1
263,Staff161,RN,7
263,Staff162,CN,2
263,Staff164,CN,4
263,Staff165,RN,5
263,Staff166,CN,3
263,Staff169,LPN,23
271,Staff22,CN,2
271,Staff26,LPN,16
271,Staff31,LPN,25
271,Staff32,RN,5
271,Staff36,RN,5
271,Staff40,CN,1
271,Staff49,CN,0
271,Staff51,CN,1
271,Staff52,CN,3
271,Staff54,CN,4
271,Staff66,CN,1
271,Staff72,CN,4
271,Staff73,CN,0
271,Staff78,RN,6
271,Staff87,LPN,20
271,Staff89,LPN,30
271,Staff96,RN,4
271,Staff104,CN,2
271,Staff115,CN,2
271,Staff120,RN,5
271,Staff121,CN,0
271,Staff127,CN,2
271,Staff137,CN,1
271,Staff138,CN,1
271,Staff147,CN,1
271,Staff149,LPN,17
271,Staff150,CN,3
271,Staff151,CN,2
271,Staff154,CN,3
271,Staff156,CN,0
279,Staff0,LPN,25
279,Staff3,CN,2
279,Staff5,LPN,23
279,Staff6,LPN,12
279,Staff7,CN,2
279,Staff8,CN,2
279,Staff9,CN,3
279,Staff10,CN,3
279,Staff12,CN,2
279,Staff14,RN,6
279,Staff15,CN,1
279,Staff17,LPN,10
279,Staff21,CN,3
279,Staff23,CN,1
279,Staff25,CN,1
279,Staff28,CN,3
279,Staff29,CN,1
279,Staff34,CN,2
279,Staff42,CN,3
279,Staff45,CN,0
279,Staff46,CN,2
279,Staff47,CN,1
279,Staff48,CN,1
279,Staff53,CN,3
279,Staff55,CN,0
279,Staff60,CN,2
279,Staff63,CN,1
279,Staff64,LPN,13
279,Staff65,CN,6
279,Staff67,LPN,19
279,Staff70,CN,0
279,Staff71,RN,6
279,Staff74,LPN,22
279,Staff75,CN,2
279,Staff76,CN,2
279,Staff79,CN,3
279,Staff80,CN,1
279,Staff82,CN,3
279,Staff84,CN,3
279,Staff86,RN,4
279,Staff88,CN,3
279,Staff95,CN,1
279,Staff98,RN,5
279,Staff100,CN,1
279,Staff103,CN,0
279,Staff105,CN,0
279,Staff106,CN,2
279,Staff107,RN,5
279,Staff108,RN,5
279,Staff109,CN,1
279,Staff110,CN,3
279,Staff111,LPN,29
279,Staff114,LPN,18
279,Staff117,CN,5
279,Staff122,CN,3
279,Staff124,LPN,24
279,Staff125,CN,1
279,Staff126,CN,4
279,Staff128,CN,3
279,Staff132,CN,2
279,Staff134,RN,7
279,Staff135,RN,7
279,Staff136,CN,0
279,Staff142,CN,2
279,Staff143,LPN,25
279,Staff163,CN,5
279,Staff167,CN,1
279,Staff168,CN,2
287,Staff1,CN,1
287,Staff4,CN,0
287,Staff11,CN,4
287,Staff13,CN,3
287,Staff16,CN,2
287,Staff18,CN,2
287,Staff19,CN,1
287,Staff20,LPN,14
287,Staff27,CN,5
287,Staff30,CN,1
287,Staff33,CN,1
287,Staff35,LPN,21
287,Staff37,CN,1
287,Staff38,CN,0
287,Staff39,CN,3
287,Staff41,CN,1
287,Staff44,CN,2
287,Staff50,RN,4
287,Staff56,CN,4
287,Staff57,RN,7
287,Staff58,CN,2
287,Staff59,CN,3
287,Staff61,RN,5
287,Staff62,CN,2
287,Staff69,LPN,13
287,Staff77,RN,7
287,Staff81,CN,3
287,Staff83,LPN,13
287,Staff85,CN,4
287,Staff90,CN,4
287,Staff91,CN,0
287,Staff92,LPN,22
287,Staff93,CN,2
287,Staff94,CN,1
287,Staff97,RN,7
287,Staff99,RN,6
287,Staff101,CN,3
287,Staff102,RN,6
287,Staff112,CN,1
287,Staff113,CN,2
287,Staff116,CN,2
287,Staff118,CN,3
287,Staff119,RN,7
287,Staff123,LPN,21
287,Staff129,CN,2
287,Staff130,LPN,24
287,Staff131,LPN,16
287,Staff133,CN,4
287,Staff139,CN,3
287,Staff140,LPN,11
287,Staff141,CN,1
287,Staff144,CN,3
287,Staff145,RN,5
287,Staff148,RN,2
287,Staff152,LPN,24
287,Staff155,CN,2
287,Staff157,CN,3
287,Staff158,RN,7
287,Staff159,CN,1
287,Staff160,CN,1
287,Staff161,RN,5
287,Staff162,CN,4
287,Staff164,CN,1
287,Staff165,RN,5
287,Staff166,CN,2
287,Staff169,LPN,20
295,Staff22,CN,2
295,Staff26,LPN,21
295,Staff31,LPN,19
295,Staff32,RN,5
295,Staff36,RN,5
295,Staff40,CN,2
295,Staff49,CN,2
295,Staff51,CN,0
295,Staff52,CN,2
295,Staff54,CN,4
295,Staff66,CN,2
295,Staff72,CN,2
295,Staff73,CN,0
295,Staff78,RN,5
295,Staff87,LPN,19
295,Staff89,LPN,27
295,Staff96,RN,4
295,Staff104,CN,2
295,Staff115,CN,5
295,Staff120,RN,7
295,Staff121,CN,4
295,Staff127,CN,2
295,Staff137,CN,1
295,Staff138,CN,3
295,Staff147,CN,1
295,Staff149,LPN,23
295,Staff150,CN,0
295,Staff151,CN,3
295,Staff154,CN,2
295,Staff156,CN,2
303,Staff0,LPN,27
303,Staff3,CN,3
303,Staff5,LPN,23
303,Staff6,LPN,19
303,Staff7,CN,3
303,Staff8,CN,2
303,Staff9,CN,0
303,Staff10,CN,2
303,Staff12,CN,3
303,Staff14,RN,5
303,Staff15,CN,0
303,Staff17,LPN,21
303,Staff21,CN,3
303,Staff23,CN,1
303,Staff25,CN,1
303,Staff28,CN,2
303,Staff29,CN,2
303,Staff34,CN,3
303,Staff42,CN,2
303,Staff45,CN,3
303,Staff46,CN,2
303,Staff47,CN,3
303,Staff48,CN,2
303,Staff53,CN,2
303,Staff55,CN,4
303,Staff60,CN,1
303,Staff63,CN,3
303,Staff64,LPN,22
303,Staff65,CN,4
303,Staff67,LPN,15
303,Staff70,CN,3
303,Staff71,RN,5
303,Staff74,LPN,21
303,Staff75,CN,0
303,Staff76,CN,3
303,Staff79,CN,1
303,Staff80,CN,2
303,Staff82,CN,2
303,Staff84,CN,3
303,Staff86,RN,7
303,Staff88,CN,4
303,Staff95,CN,1
303,Staff98,RN,6
303,Staff100,CN,4
303,Staff103,CN,2
303,Staff105,CN,3
303,Staff106,CN,1
303,Staff107,RN,5
303,Staff108,RN,6
303,Staff109,CN,2
303,Staff110,CN,2
303,Staff111,LPN,28
303,Staff114,LPN,15
303,Staff117,CN,2
303,Staff122,CN,0
303,Staff124,LPN,24
303,Staff125,CN,1
303,Staff126,CN,2
303,Staff128,CN,1
303,Staff132,CN,2
303,Staff134,RN,4
303,Staff135,RN,6
303,Staff136,CN,0
303,Staff142,CN,2
303,Staff143,LPN,22
303,Staff163,CN,2
303,Staff167,CN,1
303,Staff168,CN,0
311,Staff1,CN,1
311,Staff4,CN,3
311,Staff11,CN,2
311,Staff13,CN,2
311,Staff16,CN,2
311,Staff18,CN,4
311,Staff19,CN,0
311,Staff20,LPN,23
311,Staff27,CN,4
311,Staff30,CN,4
311,Staff33,CN,2
311,Staff35,LPN,25
311,Staff37,CN,1
311,Staff38,CN,2
311,Staff39,CN,2
311,Staff41,CN,0
311,Staff44,CN,2
311,Staff50,RN,5
311,Staff56,CN,2
311,Staff57,RN,5
311,Staff58,CN,5
311,Staff59,CN,1
311,Staff61,RN,4
311,Staff62,CN,2
311,Staff69,LPN,17
311,Staff77,RN,5
311,Staff81,CN,1
311,Staff83,LPN,17
311,Staff85,CN,1
311,Staff90,CN,2
311,Staff91,CN,2
311,Staff92,LPN,17
311,Staff93,CN,2
311,Staff94,CN,2
311,Staff97,RN,5
311,Staff99,RN,4
311,Staff101,CN,3
311,Staff102,RN,6
311,Staff112,CN,2
311,Staff113,CN,1
311,Staff116,CN,4
311,Staff118,CN,2
311,Staff119,RN,5
311,Staff123,LPN,10
311,Staff129,CN,0
311,Staff130,LPN,30
311,Staff131,LPN,23
311,Staff133,CN,1
311,Staff139,CN,1
311,Staff140,LPN,20
311,Staff141,CN,4
311,Staff144,CN,1
311,Staff145,RN,7
311,Staff148,RN,4
311,Staff152,LPN,19
311,Staff155,CN,1
311,Staff157,CN,0
311,Staff158,RN,5
311,Staff159,CN,2
311,Staff160,CN,3
311,Staff161,RN,6
311,Staff162,CN,0
311,Staff164,CN,4
311,Staff165,RN,5
311,Staff166,CN,1
311,Staff169,LPN,24
319,Staff22,CN,4
319,Staff26,LPN,17
319,Staff31,LPN,14
319,Staff32,RN,6
319,Staff36,RN,4
319,Staff40,CN,0
319,Staff49,CN,3
319,Staff51,CN,3
319,Staff52,CN,1
319,Staff54,CN,2
319,Staff66,CN,2
319,Staff72,CN,1
319,Staff73,CN,2
319,Staff78,RN,4
319,Staff87,LPN,24
319,Staff89,LPN,23
319,Staff96,RN,5
319,Staff104,CN,2
319,Staff115,CN,1
319,Staff120,RN,5
319,Staff121,CN,0
319,Staff127,CN,2
319,Staff137,CN,2
319,Staff138,CN,5
319,Staff147,CN,1
319,Staff149,LPN,20
319,Staff150,CN,4
319,Staff151,CN,4
319,Staff154,CN,3
319,Staff156,CN,5
327,Staff0,LPN,21
327,Staff3,CN,1
327,Staff5,LPN,28
327,Staff6,LPN,22
327,Staff7,CN,3
327,Staff8,CN,2
327,Staff9,CN,2
327,Staff10,CN,3
327,Staff12,CN,2
327,Staff14,RN,6
327,Staff15,CN,6
327,Staff17,LPN,17
327,Staff21,CN,3
327,Staff23,CN,2
327,Staff25,CN,2
327,Staff28,CN,5
327,Staff29,CN,3
327,Staff34,CN,2
327,Staff42,CN,3
327,Staff45,CN,1
327,Staff46,CN,0
327,Staff47,CN,4
327,Staff48,CN,6
327,Staff53,CN,3
327,Staff55,CN,3
327,Staff60,CN,1
327,Staff63,CN,2
327,Staff64,LPN,22
327,Staff65,CN,1
327,Staff67,LPN,18
327,Staff70,CN,3
327,Staff71,RN,5
327,Staff74,LPN,23
327,Staff75,CN,2
327,Staff76,CN,1
327,Staff79,CN,1
327,Staff80,CN,0
327,Staff82,CN,3
327,Staff84,CN,3
327,Staff86,RN,5
327,Staff88,CN,2
327,Staff95,CN,2
327,Staff98,RN,7
327,Staff100,CN,4
327,Staff103,CN,2
327,Staff105,CN,2
327,Staff106,CN,3
327,Staff107,RN,6
327,Staff108,RN,5
327,Staff109,CN,0
327,Staff110,CN,3
327,Staff111,LPN,18
327,Staff114,LPN,18
327,Staff117,CN,3
327,Staff122,CN,2
327,Staff124,LPN,28
327,Staff125,CN,2
327,Staff126,CN,1
327,Staff128,CN,1
327,Staff132,CN,5
327,Staff134,RN,7
327,Staff135,RN,6
327,Staff136,CN,2
327,Staff142,CN,1
327,Staff143,LPN,15
327,Staff163,CN,1
327,Staff167,CN,4
327,Staff168,CN,2
335,Staff1,CN,2
335,Staff4,CN,1
335,Staff11,CN,2
335,Staff13,CN,2
335,Staff16,CN,4
335,Staff18,CN,1
335,Staff19,CN,3
335,Staff20,LPN,17
335,Staff27,CN,4
335,Staff30,CN,2
335,Staff33,CN,2
335,Staff35,LPN,15
335,Staff37,CN,1
335,Staff38,CN,2
335,Staff39,CN,3
335,Staff41,CN,2
335,Staff44,CN,3
335,Staff50,RN,6
335,Staff56,CN,1
335,Staff57,RN,7
335,Staff58,CN,3
335,Staff59,CN,3
335,Staff61,RN,6
335,Staff62,CN,2
335,Staff69,LPN,18
335,Staff77,RN,5
335,Staff81,CN,5
335,Staff83,LPN,21
335,Staff85,CN,2
335,Staff90,CN,2
335,Staff91,CN,1
335,Staff92,LPN,10
335,Staff93,CN,1
335,Staff94,CN,0
335,Staff97,RN,4
335,Staff99,RN,6
335,Staff101,CN,2
335,Staff102,RN,5
335,Staff112,CN,1
335,Staff113,CN,1
335,Staff116,CN,3
335,Staff118,CN,2
335,Staff119,RN,4
335,Staff123,LPN,19
335,Staff129,CN,2
335,Staff130,LPN,17
335,Staff131,LPN,20
335,Staff133,CN,2
335,Staff139,CN,1
335,Staff140,LPN,22
335,Staff141,CN,3
335,Staff144,CN,2
335,Staff145,RN,4
335,Staff148,RN,6
335,Staff152,LPN,19
335,Staff155,CN,2
335,Staff157,CN,4
335,Staff158,RN,5
335,Staff159,CN,2
335,Staff160,CN,3
335,Staff161,RN,4
335,Staff162,CN,1
335,Staff164,CN,3
335,Staff165,RN,5
335,Staff166,CN,2
335,Staff169,LPN,19
343,Staff22,CN,1
343,Staff26,LPN,25
343,Staff31,LPN,20
343,Staff32,RN,7
343,Staff36,RN,6
343,Staff40,CN,3
343,Staff49,CN,2
343,Staff51,CN,0
343,Staff52,CN,3
343,Staff54,CN,3
343,Staff66,CN,1
343,Staff72,CN,1
343,Staff73,CN,1
343,Staff78,RN,5
343,Staff87,LPN,14
343,Staff89,LPN,20
343,Staff96,RN,5
343,Staff104,CN,1
343,Staff115,CN,1
343,Staff120,RN,6
343,Staff121,CN,1
343,Staff127,CN,3
343,Staff137,CN,3
343,Staff138,CN,2
343,Staff147,CN,4
343,Staff149,LPN,27
343,Staff150,CN,2
343,Staff151,CN,3
343,Staff154,CN,3
343,Staff156,CN,2
351,Staff0,LPN,12
351,Staff3,CN,3
351,Staff5,LPN,22
351,Staff6,LPN,14
351,Staff7,CN,4
351,Staff8,CN,0
351,Staff9,CN,0
351,Staff10,CN,0
351,Staff12,CN,3
351,Staff14,RN,4
351,Staff15,CN,0
351,Staff17,LPN,26
351,Staff21,CN,3
351,Staff23,CN,2
351,Staff25,CN,3
351,Staff28,CN,2
351,Staff29,CN,2
351,Staff34,CN,3
351,Staff42,CN,1
351,Staff45,CN,2
351,Staff46,CN,1
351,Staff47,CN,1
351,Staff48,CN,2
351,Staff53,CN,1
351,Staff55,CN,0
351,Staff60,CN,2
351,Staff63,CN,1
351,Staff64,LPN,17
351,Staff65,CN,4
351,Staff67,LPN,25
351,Staff70,CN,0
351,Staff71,RN,5
351,Staff74,LPN,25
351,Staff75,CN,2
351,Staff76,CN,3
351,Staff79,CN,4
351,Staff80,CN,0
351,Staff82,CN,1
351,Staff84,CN,3
351,Staff86,RN,6
351,Staff88,CN,3
351,Staff95,CN,4
351,Staff98,RN,5
351,Staff100,CN,3
351,Staff103,CN,3
351,Staff105,CN,3
351,Staff106,CN,4
351,Staff107,RN,5
351,Staff108,RN,6
351,Staff109,CN,3
351,Staff110,CN,2
351,Staff111,LPN,21
351,Staff114,LPN,21
351,Staff117,CN,2
351,Staff122,CN,2
351,Staff124,LPN,22
351,Staff125,CN,3
351,Staff126,CN,3
351,Staff128,CN,2
351,Staff132,CN,1
351,Staff134,RN,7
351,Staff135,RN,6
351,Staff136,CN,0
351,Staff142,CN,3
351,Staff143,LPN,21
351,Staff163,CN,2
351,Staff167,CN,3
351,Staff168,CN,2
359,Staff1,CN,2
359,Staff4,CN,2
359,Staff11,CN,1
359,Staff13,CN,3
359,Staff16,CN,1
359,Staff18,CN,1
359,Staff19,CN,1
359,Staff20,LPN,22
359,Staff27,CN,0
359,Staff30,CN,2
359,Staff33,CN,3
359,Staff35,LPN,22
359,Staff37,CN,2
359,Staff38,CN,3
359,Staff39,CN,1
359,Staff41,CN,2
359,Staff44,CN,0
359,Staff50,RN,5
359,Staff56,CN,3
359,Staff57,RN,4
359,Staff58,CN,1
359,Staff59,CN,0
359,Staff61,RN,6
359,Staff62,CN,3
359,Staff69,LPN,21
359,Staff77,RN,6
359,Staff81,CN,3
359,Staff83,LPN,27
359,Staff85,CN,3
359,Staff90,CN,2
359,Staff91,CN,0
359,Staff92,LPN,18
359,Staff93,CN,2
359,Staff94,CN,1
359,Staff97,RN,4
359,Staff99,RN,6
359,Staff101,CN,1
359,Staff102,RN,5
359,Staff112,CN,1
359,Staff113,CN,2
359,Staff116,CN,2
359,Staff118,CN,1
359,Staff119,RN,4
359,Staff123,LPN,16
359,Staff129,CN,3
359,Staff130,LPN,22
359,Staff131,LPN,28
359,Staff133,CN,1
359,Staff139,CN,2
359,Staff140,LPN,17
359,Staff141,CN,3
359,Staff144,CN,3
359,Staff145,RN,6
359,Staff148,RN,5
359,Staff152,LPN,27
359,Staff155,CN,3
359,Staff157,CN,4
359,Staff158,RN,5
359,Staff159,CN,2
359,Staff160,CN,1
359,Staff161,RN,6
359,Staff162,CN,4
359,Staff164,CN,3
359,Staff165,RN,7
359,Staff166,CN,2
359,Staff169,LPN,22
367,Staff22,CN,2
367,Staff26,LPN,19
367,Staff31,LPN,23
367,Staff32,RN,5
367,Staff36,RN,6
367,Staff40,CN,1
367,Staff49,CN,2
367,Staff51,CN,2
367,Staff52,CN,4
367,Staff54,CN,1
367,Staff66,CN,4
367,Staff72,CN,2
367,Staff73,CN,3
367,Staff78,RN,5
367,Staff87,LPN,20
367,Staff89,LPN,25
367,Staff96,RN,6
367,Staff104,CN,2
367,Staff115,CN,2
367,Staff120,RN,5
367,Staff121,CN,0
367,Staff127,CN,1
367,Staff137,CN,3
367,Staff138,CN,4
367,Staff147,CN,1
367,Staff149,LPN,16
367,Staff150,CN,2
367,Staff151,CN,2
367,Staff154,CN,2
367,Staff156,CN,2
375,Staff0,LPN,17
375,Staff3,CN,3
375,Staff5,LPN,26
375,Staff6,LPN,22
375,Staff7,CN,4
375,Staff8,CN,2
375,Staff9,CN,2
375,Staff10,CN,1
375,Staff12,CN,2
375,Staff14,RN,4
375,Staff15,CN,3
375,Staff17,LPN,20
375,Staff21,CN,1
375,Staff23,CN,1
375,Staff25,CN,2
375,Staff28,CN,3
375,Staff29,CN,1
375,Staff34,CN,2
375,Staff42,CN,1
375,Staff45,CN,0
375,Staff46,CN,2
375,Staff48,CN,2
375,Staff53,CN,3
375,Staff55,CN,1
375,Staff60,CN,5
375,Staff63,CN,3
375,Staff64,LPN,24
375,Staff65,CN,2
375,Staff67,LPN,23
375,Staff70,CN,1
375,Staff71,RN,5
375,Staff74,LPN,16
375,Staff75,CN,2
375,Staff76,CN,0
375,Staff79,CN,4
375,Staff80,CN,2
375,Staff82,CN,0
375,Staff84,CN,2
375,Staff86,RN,7
375,Staff88,CN,4
375,Staff95,CN,2
375,Staff98,RN,5
375,Staff100,CN,2
375,Staff103,CN,1
375,Staff105,CN,2
375,Staff106,CN,2
375,Staff107,RN,6
375,Staff108,RN,6
375,Staff109,CN,1
375,Staff110,CN,2
375,Staff111,LPN,21
375,Staff114,LPN,20
375,Staff117,CN,2
375,Staff122,CN,3
375,Staff124,LPN,26
375,Staff125,CN,4
375,Staff126,CN,0
375,Staff128,CN,0
375,Staff132,CN,3
375,Staff134,RN,6
375,Staff135,RN,5
375,Staff136,CN,2
375,Staff142,CN,5
375,Staff143,LPN,19
375,Staff163,CN,2
375,Staff167,CN,1
375,Staff168,CN,3
383,Staff1,CN,1
383,Staff4,CN,4
383,Staff11,CN,3
383,Staff13,CN,3
383,Staff16,CN,2
383,Staff18,CN,2
383,Staff19,CN,3
383,Staff20,LPN,23
383,Staff27,CN,2
383,Staff30,CN,1
383,Staff33,CN,1
383,Staff35,LPN,18
383,Staff37,CN,0
383,Staff38,CN,1
383,Staff39,CN,3
383,Staff41,CN,1
383,Staff44,CN,3
383,Staff50,RN,5
383,Staff57,RN,5
383,Staff58,CN,2
383,Staff59,CN,2
383,Staff61,RN,6
383,Staff62,CN,2
383,Staff69,LPN,20
383,Staff77,RN,7
383,Staff81,CN,0
383,Staff83,LPN,12
383,Staff85,CN,2
383,Staff90,CN,3
383,Staff91,CN,2
383,Staff92,LPN,18
383,Staff93,CN,0
383,Staff94,CN,4
383,Staff97,RN,2
383,Staff99,RN,6
383,Staff101,CN,4
383,Staff102,RN,5
383,Staff112,CN,4
383,Staff113,CN,4
383,Staff116,CN,3
383,Staff118,CN,1
383,Staff119,RN,5
383,Staff123,LPN,8
383,Staff129,CN,3
383,Staff130,LPN,24
383,Staff131,LPN,9
383,Staff133,CN,2
383,Staff139,CN,1
383,Staff140,LPN,16
383,Staff141,CN,2
383,Staff144,CN,4
383,Staff145,RN,3
383,Staff148,RN,6
383,Staff152,LPN,19
383,Staff155,CN,0
383,Staff157,CN,2
383,Staff158,RN,4
383,Staff159,CN,3
383,Staff160,CN,2
383,Staff161,RN,6
383,Staff162,CN,0
383,Staff164,CN,1
383,Staff165,RN,7
383,Staff166,CN,0
383,Staff169,LPN,16
391,Staff22,CN,2
391,Staff26,LPN,21
391,Staff31,LPN,29
391,Staff32,RN,6
391,Staff36,RN,3
391,Staff40,CN,4
391,Staff49,CN,2
391,Staff51,CN,1
391,Staff52,CN,1
391,Staff54,CN,3
391,Staff66,CN,2
391,Staff72,CN,3
391,Staff73,CN,2
391,Staff78,RN,5
391,Staff87,LPN,21
391,Staff89,LPN,18
391,Staff96,RN,6
391,Staff104,CN,3
391,Staff115,CN,2
391,Staff120,RN,7
391,Staff121,CN,3
391,Staff127,CN,1
391,Staff137,CN,2
391,Staff138,CN,3
391,Staff147,CN,3
391,Staff149,LPN,23
391,Staff150,CN,0
391,Staff151,CN,5
391,Staff154,CN,0
391,Staff156,CN,1
399,Staff0,LPN,30
399,Staff3,CN,1
399,Staff5,LPN,21
399,Staff6,LPN,18
399,Staff7,CN,4
399,Staff8,CN,0
399,Staff9,CN,3
399,Staff10,CN,4
399,Staff12,CN,4
399,Staff14,RN,5
399,Staff15,CN,1
399,Staff17,LPN,20
399,Staff21,CN,1
399,Staff23,CN,3
399,Staff25,CN,4
399,Staff28,CN,2
399,Staff29,CN,2
399,Staff34,CN,2
399,Staff42,CN,5
399,Staff45,CN,2
399,Staff46,CN,2
399,Staff48,CN,5
399,Staff53,CN,1
399,Staff55,CN,1
399,Staff60,CN,1
399,Staff63,CN,3
399,Staff64,LPN,15
399,Staff65,CN,2
399,Staff67,LPN,22
399,Staff70,CN,3
399,Staff71,RN,6
399,Staff74,LPN,17
399,Staff75,CN,4
399,Staff76,CN,0
399,Staff79,CN,3
399,Staff80,CN,1
399,Staff82,CN,2
399,Staff84,CN,1
399,Staff86,RN,5
399,Staff88,CN,2
399,Staff95,CN,2
399,Staff98,RN,7
399,Staff100,CN,1
399,Staff103,CN,2
399,Staff105,CN,2
399,Staff106,CN,1
399,Staff107,RN,3
399,Staff108,RN,7
399,Staff109,CN,3
399,Staff110,CN,2
399,Staff111,LPN,22
399,Staff114,LPN,14
399,Staff117,CN,0
399,Staff122,CN,3
399,Staff124,LPN,28
399,Staff125,CN,2
399,Staff126,CN,1
399,Staff128,CN,1
399,Staff132,CN,1
399,Staff134,RN,5
399,Staff135,RN,4
399,Staff136,CN,2
399,Staff142,CN,2
399,Staff143,LPN,16
399,Staff163,CN,3
399,Staff167,CN,3
399,Staff168,CN,2
407,Staff1,CN,3
407,Staff4,CN,1
407,Staff11,CN,3
407,Staff13,CN,2
407,Staff16,CN,1
407,Staff18,CN,1
407,Staff19,CN,2
407,Staff20,LPN,28
407,Staff27,CN,1
407,Staff30,CN,4
407,Staff33,CN,3
407,Staff35,LPN,17
407,Staff37,CN,3
407,Staff38,CN,2
407,Staff39,CN,2
407,Staff41,CN,1
407,Staff44,CN,3
407,Staff50,RN,4
407,Staff57,RN,5
407,Staff58,CN,2
407,Staff59,CN,3
407,Staff61,RN,6
407,Staff62,CN,3
407,Staff69,LPN,16
407,Staff77,RN,5
407,Staff81,CN,2
407,Staff83,LPN,19
407,Staff85,CN,3
407,Staff90,CN,4
407,Staff91,CN,0
407,Staff92,LPN,17
407,Staff93,CN,1
407,Staff94,CN,2
407,Staff97,RN,7
407,Staff99,RN,6
407,Staff101,CN,2
407,Staff102,RN,6
407,Staff112,CN,4
407,Staff113,CN,3
407,Staff116,CN,3
407,Staff118,CN,1
407,Staff119,RN,6
407,Staff123,LPN,8
407,Staff129,CN,1
407,Staff130,LPN,25
407,Staff131,LPN,26
407,Staff133,CN,4
407,Staff139,CN,2
407,Staff140,LPN,21
407,Staff141,CN,1
407,Staff144,CN,3
407,Staff145,RN,5
407,Staff148,RN,6
407,Staff152,LPN,20
407,Staff155,CN,4
407,Staff157,CN,3
407,Staff158,RN,3
407,Staff159,CN,1
407,Staff160,CN,1
407,Staff161,RN,4
407,Staff162,CN,2
407,Staff164,CN,3
407,Staff165,RN,5
407,Staff166,CN,0
407,Staff169,LPN,26
415,Staff22,CN,1
415,Staff26,LPN,19
415,Staff31,LPN,27
415,Staff32,RN,6
415,Staff36,RN,5
415,Staff40,CN,4
415,Staff49,CN,1
415,Staff51,CN,2
415,Staff52,CN,3
415,Staff54,CN,1
415,Staff66,CN,4
415,Staff72,CN,0
415,Staff73,CN,3
415,Staff78,RN,3
415,Staff87,LPN,23
415,Staff89,LPN,13
415,Staff96,RN,6
415,Staff104,CN,2
415,Staff115,CN,5
415,Staff120,RN,5
415,Staff121,CN,2
415,Staff127,CN,2
415,Staff137,CN,1
415,Staff138,CN,2
415,Staff147,CN,0
415,Staff149,LPN,25
415,Staff150,CN,3
415,Staff151,CN,3
415,Staff154,CN,2
415,Staff156,CN,2
423,Staff0,LPN,26
423,Staff3,CN,2
423,Staff5,LPN,14
423,Staff6,LPN,23
423,Staff7,CN,1
423,Staff8,CN,3
423,Staff9,CN,3
423,Staff10,CN,2
423,Staff12,CN,0
423,Staff14,RN,4
423,Staff15,CN,4
423,Staff17,LPN,15
423,Staff21,CN,4
423,Staff23,CN,2
423,Staff25,CN,3
423,Staff28,CN,1
423,Staff29,CN,2
423,Staff34,CN,1
423,Staff42,CN,3
423,Staff45,CN,4
423,Staff46,CN,3
423,Staff48,CN,3
423,Staff53,CN,3
423,Staff55,CN,2
423,Staff60,CN,2
423,Staff63,CN,1
423,Staff64,LPN,23
423,Staff65,CN,1
423,Staff67,LPN,23
423,Staff70,CN,1
423,Staff71,RN,4
423,Staff74,LPN,22
423,Staff75,CN,3
423,Staff76,CN,1
423,Staff79,CN,0
423,Staff80,CN,2
423,Staff82,CN,0
423,Staff84,CN,4
423,Staff86,RN,4
423,Staff88,CN,5
423,Staff95,CN,3
423,Staff98,RN,6
423,Staff100,CN,2
423,Staff103,CN,2
423,Staff105,CN,1
423,Staff106,CN,1
423,Staff107,RN,6
423,Staff108,RN,4
423,Staff109,CN,3
423,Staff110,CN,1
423,Staff111,LPN,18
423,Staff114,LPN,18
423,Staff117,CN,1
423,Staff122,CN,2
423,Staff124,LPN,16
423,Staff125,CN,2
423,Staff126,CN,1
423,Staff128,CN,1
423,Staff132,CN,4
423,Staff134,RN,6
423,Staff135,RN,5
423,Staff136,CN,3
423,Staff142,CN,1
423,Staff143,LPN,20
423,Staff163,CN,4
423,Staff167,CN,3
423,Staff168,CN,2
431,Staff1,CN,4
431,Staff4,CN,4
431,Staff11,CN,2
431,Staff13,CN,1
431,Staff16,CN,4
431,Staff18,CN,3
431,Staff19,CN,1
431,Staff20,LPN,16
431,Staff27,CN,3
431,Staff30,CN,2
431,Staff33,CN,1
431,Staff35,LPN,20
431,Staff37,CN,2
431,Staff38,CN,2
431,Staff39,CN,1
431,Staff41,CN,1
431,Staff44,CN,3
431,Staff50,RN,5
431,Staff57,RN,6
431,Staff58,CN,3
431,Staff59,CN,1
431,Staff61,RN,6
431,Staff62,CN,4
431,Staff69,LPN,23
431,Staff77,RN,7
431,Staff81,CN,3
431,Staff83,LPN,17
431,Staff85,CN,2
431,Staff90,CN,1
431,Staff91,CN,3
431,Staff92,LPN,21
431,Staff93,CN,3
431,Staff94,CN,3
431,Staff97,RN,5
431,Staff99,RN,7
431,Staff101,CN,1
431,Staff102,RN,6
431,Staff112,CN,2
431,Staff113,CN,4
431,Staff116,CN,5
431,Staff118,CN,2
431,Staff119,RN,7
431,Staff123,LPN,24
431,Staff129,CN,0
431,Staff130,LPN,26
431,Staff131,LPN,17
431,Staff133,CN,2
431,Staff139,CN,2
431,Staff140,LPN,14
431,Staff141,CN,2
431,Staff144,CN,3
431,Staff145,RN,3
431,Staff148,RN,5
431,Staff152,LPN,21
431,Staff155,CN,1
431,Staff157,CN,3
431,Staff158,RN,5
431,Staff159,CN,1
431,Staff160,CN,2
431,Staff161,RN,5
431,Staff162,CN,3
431,Staff164,CN,2
431,Staff165,RN,7
431,Staff166,CN,4
431,Staff169,LPN,22
439,Staff22,CN,2
439,Staff26,LPN,25
439,Staff31,LPN,19
439,Staff32,RN,5
439,Staff36,RN,5
439,Staff40,CN,2
439,Staff49,CN,2
439,Staff51,CN,3
439,Staff52,CN,1
439,Staff54,CN,1
439,Staff66,CN,5
439,Staff72,CN,3
439,Staff73,CN,2
439,Staff78,RN,7
439,Staff87,LPN,27
439,Staff89,LPN,17
439,Staff96,RN,6
439,Staff104,CN,1
439,Staff115,CN,1
439,Staff120,RN,4
439,Staff121,CN,2
439,Staff127,CN,1
439,Staff137,CN,2
439,Staff138,CN,0
439,Staff147,CN,2
439,Staff149,LPN,16
439,Staff150,CN,1
439,Staff151,CN,3
439,Staff154,CN,1
439,Staff156,CN,1
447,Staff0,LPN,25
447,Staff3,CN,4
447,Staff5,LPN,17
447,Staff6,LPN,19
447,Staff7,CN,2
447,Staff8,CN,1
447,Staff9,CN,1
447,Staff10,CN,2
447,Staff12,CN,4
447,Staff14,RN,6
447,Staff15,CN,1
447,Staff17,LPN,22
447,Staff21,CN,1
447,Staff23,CN,1
447,Staff25,CN,2
447,Staff28,CN,2
447,Staff29,CN,2
447,Staff34,CN,2
447,Staff42,CN,2
447,Staff45,CN,3
447,Staff46,CN,0
447,Staff48,CN,2
447,Staff53,CN,3
447,Staff55,CN,3
447,Staff60,CN,3
447,Staff63,CN,2
447,Staff64,LPN,31
447,Staff65,CN,3
447,Staff67,LPN,23
447,Staff70,CN,1
447,Staff71,RN,7
447,Staff74,LPN,25
447,Staff75,CN,3
447,Staff76,CN,0
447,Staff79,CN,1
447,Staff80,CN,2
447,Staff82,CN,5
447,Staff84,CN,2
447,Staff86,RN,5
447,Staff88,CN,2
447,Staff95,CN,1
447,Staff98,RN,3
447,Staff100,CN,1
447,Staff103,CN,3
447,Staff105,CN,3
447,Staff106,CN,4
447,Staff107,RN,6
447,Staff108,RN,5
447,Staff109,CN,4
447,Staff110,CN,2
447,Staff111,LPN,24
447,Staff114,LPN,19
447,Staff117,CN,2
447,Staff122,CN,2
447,Staff124,LPN,20
447,Staff125,CN,2
447,Staff126,CN,4
447,Staff128,CN,2
447,Staff132,CN,3
447,Staff134,RN,4
447,Staff135,RN,5
447,Staff136,CN,2
447,Staff142,CN,4
447,Staff143,LPN,20
447,Staff163,CN,2
447,Staff167,CN,2
447,Staff168,CN,2
455,Staff1,CN,1
455,Staff4,CN,1
455,Staff11,CN,2
455,Staff13,CN,2
455,Staff16,CN,0
455,Staff18,CN,3
455,Staff19,CN,1
455,Staff20,LPN,22
455,Staff27,CN,1
455,Staff30,CN,2
455,Staff33,CN,2
455,Staff35,LPN,26
455,Staff37,CN,2
455,Staff38,CN,1
455,Staff39,CN,2
455,Staff41,CN,0
455,Staff44,CN,6
455,Staff50,RN,5
455,Staff57,RN,5
455,Staff58,CN,3
455,Staff59,CN,4
455,Staff61,RN,6
455,Staff62,CN,2
455,Staff69,LPN,17
455,Staff77,RN,7
455,Staff81,CN,3
455,Staff83,LPN,13
455,Staff85,CN,4
455,Staff90,CN,2
455,Staff91,CN,2
455,Staff92,LPN,16
455,Staff93,CN,3
455,Staff94,CN,1
455,Staff97,RN,6
455,Staff99,RN,6
455,Staff101,CN,0
455,Staff102,RN,6
455,Staff112,CN,3
455,Staff113,CN,2
455,Staff116,CN,3
455,Staff118,CN,2
455,Staff119,RN,5
455,Staff123,LPN,22
455,Staff129,CN,0
455,Staff130,LPN,17
455,Staff131,LPN,18
455,Staff133,CN,2
455,Staff139,CN,3
455,Staff140,LPN,22
455,Staff141,CN,3
455,Staff144,CN,3
455,Staff145,RN,5
455,Staff148,RN,5
455,Staff152,LPN,22
455,Staff155,CN,3
455,Staff157,CN,1
455,Staff158,RN,6
455,Staff159,CN,2
455,Staff160,CN,2
455,Staff161,RN,5
455,Staff162,CN,1
455,Staff164,CN,3
455,Staff165,RN,6
455,Staff166,CN,2
455,Staff169,LPN,18
463,Staff22,CN,2
463,Staff26,LPN,21
463,Staff31,LPN,19
463,Staff32,RN,5
463,Staff36,RN,5
463,Staff40,CN,0
463,Staff49,CN,3
463,Staff51,CN,1
463,Staff52,CN,1
463,Staff54,CN,4
463,Staff66,CN,5
463,Staff72,CN,4
463,Staff73,CN,1
463,Staff78,RN,6
463,Staff87,LPN,27
463,Staff89,LPN,29
463,Staff96,RN,5
463,Staff104,CN,0
463,Staff115,CN,0
463,Staff120,RN,7
463,Staff121,CN,2
463,Staff127,CN,2
463,Staff137,CN,2
463,Staff138,CN,0
463,Staff147,CN,1
463,Staff149,LPN,23
463,Staff150,CN,2
463,Staff151,CN,1
463,Staff154,CN,5
463,Staff156,CN,2
471,Staff0,LPN,23
471,Staff3,CN,1
471,Staff5,LPN,24
471,Staff6,LPN,14
471,Staff7,CN,3
471,Staff8,CN,2
471,Staff9,CN,1
471,Staff10,CN,1
471,Staff12,CN,1
471,Staff14,RN,5
471,Staff15,CN,2
471,Staff17,LPN,14
471,Staff21,CN,2
471,Staff23,CN,2
471,Staff25,CN,1
471,Staff28,CN,1
471,Staff29,CN,1
471,Staff34,CN,1
471,Staff42,CN,4
471,Staff45,CN,2
471,Staff46,CN,4
471,Staff48,CN,1
471,Staff53,CN,3
471,Staff55,CN,1
471,Staff60,CN,2
471,Staff63,CN,2
471,Staff64,LPN,17
471,Staff65,CN,3
471,Staff67,LPN,20
471,Staff70,CN,0
471,Staff71,RN,5
471,Staff74,LPN,23
471,Staff75,CN,1
471,Staff76,CN,1
471,Staff79,CN,4
471,Staff80,CN,1
471,Staff82,CN,1
471,Staff84,CN,1
471,Staff86,RN,6
471,Staff88,CN,2
471,Staff95,CN,3
471,Staff98,RN,6
471,Staff100,CN,4
471,Staff103,CN,3
471,Staff105,CN,2
471,Staff106,CN,4
471,Staff107,RN,3
471,Staff108,RN,6
471,Staff109,CN,1
471,Staff110,CN,2
471,Staff111,LPN,25
471,Staff114,LPN,24
471,Staff117,CN,2
471,Staff122,CN,4
471,Staff124,LPN,23
471,Staff125,CN,3
471,Staff126,CN,1
471,Staff128,CN,2
471,Staff132,CN,2
471,Staff134,RN,7
471,Staff135,RN,7
471,Staff136,CN,0
471,Staff142,CN,1
471,Staff143,LPN,25
471,Staff163,CN,4
471,Staff167,CN,2
471,Staff168,CN,3
479,Staff1,CN,3
479,Staff4,CN,3
479,Staff11,CN,1
479,Staff13,CN,1
479,Staff16,CN,0
479,Staff18,CN,1
479,Staff19,CN,4
479,Staff20,LPN,17
479,Staff27,CN,3
479,Staff30,CN,3
479,Staff33,CN,4
479,Staff35,LPN,17
479,Staff37,CN,3
479,Staff38,CN,2
479,Staff39,CN,1
479,Staff41,CN,3
479,Staff44,CN,0
479,Staff50,RN,5
479,Staff57,RN,6
479,Staff58,CN,1
479,Staff59,CN,0
479,Staff61,RN,5
479,Staff62,CN,3
479,Staff69,LPN,25
479,Staff77,RN,7
479,Staff81,CN,3
479,Staff83,LPN,24
479,Staff85,CN,4
479,Staff90,CN,2
479,Staff91,CN,4
479,Staff92,LPN,21
479,Staff93,CN,0
479,Staff94,CN,1
479,Staff97,RN,6
479,Staff99,RN,6
479,Staff101,CN,1
479,Staff102,RN,6
479,Staff112,CN,1
479,Staff113,CN,1
479,Staff116,CN,1
479,Staff118,CN,2
479,Staff119,RN,4
479,Staff123,LPN,20
479,Staff129,CN,1
479,Staff130,LPN,11
479,Staff131,LPN,19
479,Staff133,CN,1
479,Staff139,CN,2
479,Staff140,LPN,22
479,Staff141,CN,5
479,Staff144,CN,4
479,Staff145,RN,6
479,Staff148,RN,6
479,Staff152,LPN,21
479,Staff155,CN,3
479,Staff157,CN,2
479,Staff158,RN,5
479,Staff159,CN,4
479,Staff160,CN,2
479,Staff161,RN,4
479,Staff162,CN,2
479,Staff164,CN,0
479,Staff165,RN,5
479,Staff166,CN,3
479,Staff169,LPN,19
487,Staff22,CN,2
487,Staff26,LPN,17
487,Staff31,LPN,13
487,Staff32,RN,6
487,Staff36,RN,5
487,Staff40,CN,2
487,Staff49,CN,4
487,Staff51,CN,4
487,Staff52,CN,3
487,Staff54,CN,1
487,Staff66,CN,1
487,Staff72,CN,3
487,Staff73,CN,1
487,Staff78,RN,5
487,Staff87,LPN,18
487,Staff89,LPN,21
487,Staff104,CN,1
487,Staff120,RN,4
487,Staff121,CN,0
487,Staff127,CN,1
487,Staff137,CN,5
487,Staff138,CN,0
487,Staff147,CN,2
487,Staff149,LPN,18
487,Staff150,CN,1
487,Staff151,CN,3
487,Staff154,CN,2
487,Staff156,CN,2
495,Staff0,LPN,20
495,Staff3,CN,0
495,Staff5,LPN,23
495,Staff6,LPN,13
495,Staff7,CN,0
495,Staff8,CN,0
495,Staff9,CN,2
495,Staff10,CN,4
495,Staff12,CN,2
495,Staff14,RN,6
495,Staff15,CN,5
495,Staff17,LPN,15
495,Staff21,CN,4
495,Staff23,CN,1
495,Staff25,CN,2
495,Staff28,CN,4
495,Staff29,CN,0
495,Staff34,CN,1
495,Staff42,CN,2
495,Staff45,CN,2
495,Staff46,CN,5
495,Staff48,CN,1
495,Staff53,CN,0
495,Staff55,CN,3
495,Staff60,CN,2
495,Staff63,CN,2
495,Staff64,LPN,20
495,Staff65,CN,1
495,Staff67,LPN,15
495,Staff70,CN,0
495,Staff71,RN,5
495,Staff74,LPN,13
495,Staff75,CN,0
495,Staff76,CN,2
495,Staff79,CN,1
495,Staff80,CN,4
495,Staff82,CN,5
495,Staff84,CN,1
495,Staff86,RN,5
495,Staff88,CN,2
495,Staff95,CN,2
495,Staff98,RN,7
495,Staff100,CN,3
495,Staff103,CN,2
495,Staff105,CN,4
495,Staff106,CN,3
495,Staff107,RN,3
495,Staff108,RN,4
495,Staff109,CN,1
495,Staff110,CN,2
495,Staff111,LPN,21
495,Staff114,LPN,18
495,Staff117,CN,3
495,Staff122,CN,3
495,Staff124,LPN,18
495,Staff125,CN,3
495,Staff126,CN,1
495,Staff128,CN,1
495,Staff132,CN,3
495,Staff134,RN,5
495,Staff135,RN,5
495,Staff136,CN,1
495,Staff142,CN,2
495,Staff143,LPN,20
495,Staff163,CN,3
495,Staff167,CN,2
495,Staff168,CN,1
503,Staff1,CN,3
503,Staff4,CN,3
503,Staff11,CN,4
503,Staff13,CN,2
503,Staff16,CN,1
503,Staff18,CN,2
503,Staff19,CN,3
503,Staff20,LPN,22
503,Staff27,CN,1
503,Staff30,CN,3
503,Staff33,CN,2
503,Staff35,LPN,16
503,Staff37,CN,2
503,Staff38,CN,3
503,Staff39,CN,2
503,Staff41,CN,5
503,Staff44,CN,4
503,Staff50,RN,5
503,Staff57,RN,5
503,Staff58,CN,2
503,Staff59,CN,3
503,Staff61,RN,6
503,Staff62,CN,2
503,Staff69,LPN,18
503,Staff77,RN,6
503,Staff81,CN,2
503,Staff83,LPN,14
503,Staff85,CN,2
503,Staff90,CN,3
503,Staff91,CN,4
503,Staff92,LPN,17
503,Staff93,CN,3
503,Staff94,CN,1
503,Staff97,RN,6
503,Staff99,RN,5
503,Staff101,CN,1
503,Staff102,RN,7
503,Staff112,CN,3
503,Staff113,CN,2
503,Staff116,CN,2
503,Staff118,CN,2
503,Staff119,RN,4
503,Staff123,LPN,21
503,Staff129,CN,2
503,Staff130,LPN,26
503,Staff131,LPN,19
503,Staff133,CN,2
503,Staff139,CN,3
503,Staff140,LPN,24
503,Staff141,CN,1
503,Staff144,CN,2
503,Staff145,RN,6
503,Staff148,RN,5
503,Staff152,LPN,28
503,Staff155,CN,1
503,Staff157,CN,1
503,Staff158,RN,5
503,Staff159,CN,2
503,Staff160,CN,1
503,Staff161,RN,5
503,Staff162,CN,2
503,Staff164,CN,2
503,Staff165,RN,5
503,Staff166,CN,2
503,Staff169,LPN,15
511,Staff22,CN,2
511,Staff26,LPN,19
511,Staff31,LPN,19
511,Staff32,RN,6
511,Staff36,RN,6
511,Staff40,CN,1
511,Staff49,CN,1
511,Staff51,CN,2
511,Staff52,CN,1
511,Staff54,CN,3
511,Staff66,CN,2
511,Staff72,CN,4
511,Staff73,CN,1
511,Staff78,RN,6
511,Staff87,LPN,22
511,Staff89,LPN,20
511,Staff104,CN,2
511,Staff120,RN,6
511,Staff121,CN,3
511,Staff127,CN,4
511,Staff137,CN,2
511,Staff138,CN,3
511,Staff147,CN,1
511,Staff149,LPN,19
511,Staff150,CN,2
511,Staff151,CN,1
511,Staff154,CN,2
511,Staff156,CN,2
519,Staff0,LPN,17
519,Staff3,CN,1
519,Staff5,LPN,27
519,Staff6,LPN,15
519,Staff7,CN,0
519,Staff8,CN,2
519,Staff9,CN,4
519,Staff10,CN,2
519,Staff12,CN,0
519,Staff14,RN,4
519,Staff15,CN,4
519,Staff17,LPN,27
519,Staff21,CN,1
519,Staff23,CN,2
519,Staff25,CN,3
519,Staff28,CN,2
519,Staff29,CN,3
519,Staff34,CN,0
519,Staff42,CN,1
519,Staff45,CN,2
519,Staff46,CN,4
519,Staff48,CN,2
519,Staff53,CN,5
519,Staff55,CN,4
519,Staff60,CN,2
519,Staff63,CN,0
519,Staff64,LPN,22
519,Staff65,CN,3
519,Staff67,LPN,22
519,Staff70,CN,3
519,Staff71,RN,5
519,Staff74,LPN,19
519,Staff75,CN,0
519,Staff76,CN,2
519,Staff79,CN,1
519,Staff80,CN,2
519,Staff82,CN,3
519,Staff84,CN,4
519,Staff86,RN,5
519,Staff88,CN,3
519,Staff95,CN,0
519,Staff98,RN,7
519,Staff100,CN,0
519,Staff103,CN,2
519,Staff105,CN,3
519,Staff106,CN,1
519,Staff107,RN,5
519,Staff108,RN,7
519,Staff109,CN,4
519,Staff110,CN,4
519,Staff111,LPN,18
519,Staff114,LPN,27
519,Staff117,CN,2
519,Staff122,CN,1
519,Staff124,LPN,20
519,Staff125,CN,0
519,Staff126,CN,3
519,Staff128,CN,3
519,Staff132,CN,3
519,Staff134,RN,5
519,Staff135,RN,6
519,Staff136,CN,3
519,Staff142,CN,0
519,Staff143,LPN,21
519,Staff163,CN,2
519,Staff167,CN,2
519,Staff168,CN,2
527,Staff1,CN,4
527,Staff4,CN,2
527,Staff11,CN,1
527,Staff13,CN,2
527,Staff16,CN,3
527,Staff18,CN,3
527,Staff19,CN,2
527,Staff20,LPN,21
527,Staff27,CN,4
527,Staff30,CN,0
527,Staff33,CN,1
527,Staff35,LPN,24
527,Staff37,CN,3
527,Staff38,CN,3
527,Staff39,CN,2
527,Staff41,CN,1
527,Staff44,CN,2
527,Staff50,RN,5
527,Staff57,RN,5
527,Staff58,CN,1
527,Staff59,CN,1
527,Staff61,RN,3
527,Staff62,CN,2
527,Staff69,LPN,24
527,Staff77,RN,7
527,Staff81,CN,1
527,Staff83,LPN,26
527,Staff85,CN,3
527,Staff90,CN,2
527,Staff91,CN,4
527,Staff92,LPN,18
527,Staff93,CN,4
527,Staff94,CN,0
527,Staff97,RN,5
527,Staff99,RN,5
527,Staff101,CN,2
527,Staff102,RN,5
527,Staff112,CN,2
527,Staff113,CN,4
527,Staff116,CN,2
527,Staff118,CN,3
527,Staff119,RN,6
527,Staff123,LPN,20
527,Staff129,CN,1
527,Staff130,LPN,17
527,Staff131,LPN,24
527,Staff133,CN,2
527,Staff139,CN,0
527,Staff140,LPN,18
527,Staff141,CN,1
527,Staff144,CN,4
527,Staff145,RN,4
527,Staff148,RN,6
527,Staff152,LPN,17
527,Staff155,CN,1
527,Staff157,CN,3
527,Staff158,RN,3
527,Staff159,CN,1
527,Staff160,CN,2
527,Staff161,RN,7
527,Staff162,CN,4
527,Staff164,CN,2
527,Staff165,RN,6
527,Staff166,CN,2
527,Staff169,LPN,25
535,Staff22,CN,3
535,Staff26,LPN,28
535,Staff31,LPN,22
535,Staff32,RN,7
535,Staff36,RN,5
535,Staff40,CN,4
535,Staff49,CN,2
535,Staff51,CN,4
535,Staff52,CN,4
535,Staff54,CN,0
535,Staff66,CN,1
535,Staff72,CN,2
535,Staff73,CN,1
535,Staff78,RN,6
535,Staff87,LPN,19
535,Staff89,LPN,29
535,Staff104,CN,2
535,Staff120,RN,5
535,Staff121,CN,2
535,Staff127,CN,2
535,Staff137,CN,4
535,Staff138,CN,2
535,Staff147,CN,2
535,Staff149,LPN,24
535,Staff150,CN,2
535,Staff151,CN,3
535,Staff154,CN,2
535,Staff156,CN,1
543,Staff0,LPN,24
543,Staff3,CN,1
543,Staff5,LPN,16
543,Staff6,LPN,18
543,Staff7,CN,1
543,Staff8,CN,1
543,Staff9,CN,4
543,Staff10,CN,1
543,Staff12,CN,5
543,Staff14,RN,3
543,Staff15,CN,3
543,Staff17,LPN,20
543,Staff21,CN,2
543,Staff23,CN,2
543,Staff25,CN,3
543,Staff28,CN,3
543,Staff29,CN,3
543,Staff34,CN,2
543,Staff42,CN,4
543,Staff45,CN,2
543,Staff46,CN,1
543,Staff48,CN,0
543,Staff53,CN,1
543,Staff55,CN,2
543,Staff60,CN,1
543,Staff63,CN,4
543,Staff64,LPN,17
543,Staff65,CN,3
543,Staff67,LPN,18
543,Staff70,CN,1
543,Staff71,RN,6
543,Staff74,LPN,23
543,Staff75,CN,0
543,Staff76,CN,3
543,Staff79,CN,1
543,Staff80,CN,1
543,Staff82,CN,2
543,Staff84,CN,3
543,Staff86,RN,5
543,Staff88,CN,3
543,Staff95,CN,1
543,Staff98,RN,5
543,Staff100,CN,1
543,Staff103,CN,4
543,Staff105,CN,4
543,Staff106,CN,2
543,Staff107,RN,6
543,Staff108,RN,5
543,Staff109,CN,3
543,Staff110,CN,2
543,Staff111,LPN,24
543,Staff114,LPN,22
543,Staff117,CN,2
543,Staff122,CN,4
543,Staff124,LPN,22
543,Staff125,CN,2
543,Staff126,CN,3
543,Staff128,CN,5
543,Staff132,CN,4
543,Staff134,RN,5
543,Staff135,RN,7
543,Staff136,CN,2
543,Staff142,CN,1
543,Staff143,LPN,20
543,Staff163,CN,2
543,Staff167,CN,0
543,Staff168,CN,2
551,Staff1,CN,0
551,Staff4,CN,1
551,Staff11,CN,4
551,Staff13,CN,4
551,Staff16,CN,2
551,Staff18,CN,3
551,Staff19,CN,1
551,Staff20,LPN,26
551,Staff27,CN,1
551,Staff30,CN,1
551,Staff33,CN,3
551,Staff35,LPN,25
551,Staff37,CN,2
551,Staff38,CN,1
551,Staff39,CN,1
551,Staff41,CN,1
551,Staff44,CN,3
551,Staff50,RN,7
551,Staff57,RN,3
551,Staff58,CN,0
551,Staff59,CN,1
551,Staff61,RN,4
551,Staff62,CN,1
551,Staff69,LPN,15
551,Staff77,RN,6
551,Staff81,CN,3
551,Staff83,LPN,12
551,Staff85,CN,3
551,Staff90,CN,4
551,Staff91,CN,1
551,Staff92,LPN,13
551,Staff93,CN,2
551,Staff94,CN,2
551,Staff97,RN,5
551,Staff99,RN,5
551,Staff101,CN,2
551,Staff102,RN,5
551,Staff112,CN,0
551,Staff113,CN,1
551,Staff116,CN,2
551,Staff118,CN,3
551,Staff119,RN,6
551,Staff123,LPN,22
551,Staff129,CN,2
551,Staff130,LPN,25
551,Staff131,LPN,18
551,Staff133,CN,1
551,Staff139,CN,2
551,Staff140,LPN,18
551,Staff141,CN,2
551,Staff144,CN,1
551,Staff145,RN,6
551,Staff148,RN,6
551,Staff152,LPN,21
551,Staff155,CN,4
551,Staff157,CN,2
551,Staff158,RN,6
551,Staff159,CN,1
551,Staff160,CN,4
551,Staff161,RN,5
551,Staff162,CN,4
551,Staff164,CN,3
551,Staff165,RN,6
551,Staff166,CN,3
551,Staff169,LPN,17
559,Staff22,CN,1
559,Staff26,LPN,19
559,Staff31,LPN,17
559,Staff32,RN,5
559,Staff36,RN,6
559,Staff40,CN,3
559,Staff49,CN,2
559,Staff51,CN,5
559,Staff52,CN,3
559,Staff54,CN,0
559,Staff66,CN,1
559,Staff72,CN,2
559,Staff73,CN,2
559,Staff78,RN,4
559,Staff87,LPN,22
559,Staff89,LPN,11
559,Staff104,CN,1
559,Staff120,RN,6
559,Staff121,CN,3
559,Staff127,CN,2
559,Staff137,CN,5
559,Staff138,CN,3
559,Staff147,CN,1
559,Staff149,LPN,19
559,Staff150,CN,2
559,Staff151,CN,3
559,Staff154,CN,4
559,Staff156,CN,3
567,Staff0,LPN,21
567,Staff3,CN,2
567,Staff5,LPN,23
567,Staff6,LPN,12
567,Staff7,CN,2
567,Staff8,CN,1
567,Staff9,CN,0
567,Staff10,CN,2
567,Staff12,CN,2
567,Staff14,RN,6
567,Staff15,CN,3
567,Staff17,LPN,26
567,Staff21,CN,2
567,Staff23,CN,1
567,Staff25,CN,2
567,Staff28,CN,3
567,Staff29,CN,3
567,Staff34,CN,4
567,Staff42,CN,4
567,Staff45,CN,2
567,Staff46,CN,3
567,Staff48,CN,3
567,Staff53,CN,3
567,Staff55,CN,3
567,Staff60,CN,2
567,Staff63,CN,2
567,Staff64,LPN,24
567,Staff65,CN,1
567,Staff67,LPN,27
567,Staff70,CN,3
567,Staff71,RN,5
567,Staff74,LPN,18
567,Staff75,CN,2
567,Staff76,CN,0
567,Staff79,CN,2
567,Staff80,CN,2
567,Staff82,CN,2
567,Staff84,CN,2
567,Staff86,RN,6
567,Staff88,CN,1
567,Staff95,CN,1
567,Staff98,RN,6
567,Staff100,CN,3
567,Staff103,CN,2
567,Staff105,CN,0
567,Staff106,CN,5
567,Staff107,RN,6
567,Staff108,RN,4
567,Staff109,CN,0
567,Staff110,CN,3
567,Staff111,LPN,22
567,Staff114,LPN,24
567,Staff117,CN,2
567,Staff122,CN,3
567,Staff124,LPN,21
567,Staff125,CN,2
567,Staff126,CN,1
567,Staff128,CN,0
567,Staff132,CN,3
567,Staff134,RN,6
567,Staff135,RN,4
567,Staff136,CN,3
567,Staff142,CN,1
567,Staff143,LPN,29
567,Staff163,CN,1
567,Staff167,CN,3
567,Staff168,CN,2
575,Staff1,CN,3
575,Staff4,CN,2
575,Staff11,CN,3
575,Staff13,CN,2
575,Staff16,CN,3
575,Staff18,CN,2
575,Staff19,CN,1
575,Staff20,LPN,17
575,Staff27,CN,3
575,Staff30,CN,1
575,Staff33,CN,4
575,Staff35,LPN,24
575,Staff37,CN,2
575,Staff38,CN,3
575,Staff39,CN,2
575,Staff41,CN,3
575,Staff44,CN,5
575,Staff50,RN,5
575,Staff57,RN,5
575,Staff58,CN,4
575,Staff59,CN,3
575,Staff61,RN,5
575,Staff62,CN,3
575,Staff69,LPN,20
575,Staff77,RN,7
575,Staff81,CN,1
575,Staff83,LPN,22
575,Staff85,CN,4
575,Staff90,CN,2
575,Staff91,CN,1
575,Staff92,LPN,20
575,Staff93,CN,1
575,Staff94,CN,3
575,Staff97,RN,5
575,Staff99,RN,6
575,Staff101,CN,4
575,Staff102,RN,6
575,Staff112,CN,1
575,Staff113,CN,3
575,Staff116,CN,3
575,Staff118,CN,1
575,Staff119,RN,3
575,Staff123,LPN,24
575,Staff129,CN,3
575,Staff130,LPN,11
575,Staff131,LPN,13
575,Staff133,CN,2
575,Staff139,CN,4
575,Staff140,LPN,19
575,Staff141,CN,1
575,Staff144,CN,3
575,Staff145,RN,6
575,Staff148,RN,5
575,Staff152,LPN,20
575,Staff155,CN,2
575,Staff157,CN,1
575,Staff158,RN,6
575,Staff159,CN,3
575,Staff160,CN,1
575,Staff161,RN,5
575,Staff162,CN,4
575,Staff164,CN,3
575,Staff165,RN,3
575,Staff166,CN,2
575,Staff169,LPN,19
583,Staff22,CN,0
583,Staff26,LPN,20
583,Staff31,LPN,21
583,Staff32,RN,7
583,Staff36,RN,6
583,Staff40,CN,2
583,Staff49,CN,0
583,Staff51,CN,3
583,Staff52,CN,2
583,Staff54,CN,4
583,Staff66,CN,1
583,Staff72,CN,5
583,Staff73,CN,3
583,Staff78,RN,7
583,Staff87,LPN,21
583,Staff89,LPN,12
583,Staff104,CN,0
583,Staff120,RN,7
583,Staff121,CN,2
583,Staff127,CN,3
583,Staff137,CN,5
583,Staff138,CN,2
583,Staff147,CN,2
583,Staff149,LPN,22
583,Staff150,CN,1
583,Staff151,CN,0
583,Staff154,CN,3
583,Staff156,CN,3
591,Staff0,LPN,21
591,Staff3,CN,4
591,Staff5,LPN,24
591,Staff6,LPN,29
591,Staff7,CN,4
591,Staff8,CN,3
591,Staff9,CN,4
591,Staff10,CN,1
591,Staff12,CN,4
591,Staff14,RN,4
591,Staff15,CN,1
591,Staff17,LPN,15
591,Staff21,CN,4
591,Staff23,CN,5
591,Staff25,CN,1
591,Staff28,CN,1
591,Staff29,CN,1
591,Staff34,CN,2
591,Staff42,CN,3
591,Staff45,CN,2
591,Staff46,CN,2
591,Staff48,CN,2
591,Staff53,CN,1
591,Staff55,CN,0
591,Staff60,CN,3
591,Staff63,CN,5
591,Staff64,LPN,24
591,Staff65,CN,2
591,Staff67,LPN,23
591,Staff70,CN,2
591,Staff71,RN,5
591,Staff74,LPN,16
591,Staff75,CN,2
591,Staff76,CN,1
591,Staff79,CN,2
591,Staff80,CN,2
591,Staff82,CN,1
591,Staff84,CN,2
591,Staff86,RN,6
591,Staff88,CN,1
591,Staff95,CN,3
591,Staff98,RN,4
591,Staff100,CN,3
591,Staff103,CN,2
591,Staff105,CN,1
591,Staff106,CN,3
591,Staff107,RN,4
591,Staff108,RN,5
591,Staff109,CN,2
591,Staff110,CN,1
591,Staff111,LPN,23
591,Staff114,LPN,25
591,Staff117,CN,2
591,Staff122,CN,2
591,Staff124,LPN,26
591,Staff125,CN,2
591,Staff126,CN,3
591,Staff128,CN,3
591,Staff132,CN,3
591,Staff134,RN,7
591,Staff135,RN,7
591,Staff136,CN,3
591,Staff142,CN,1
591,Staff143,LPN,16
591,Staff163,CN,2
591,Staff167,CN,2
591,Staff168,CN,2
599,Staff1,CN,2
599,Staff4,CN,1
599,Staff11,CN,2
599,Staff13,CN,3
599,Staff16,CN,2
599,Staff18,CN,4
599,Staff19,CN,0
599,Staff20,LPN,25
599,Staff27,CN,2
599,Staff30,CN,1
599,Staff33,CN,4
599,Staff35,LPN,16
599,Staff37,CN,3
599,Staff38,CN,2
599,Staff39,CN,1
599,Staff41,CN,3
599,Staff44,CN,4
599,Staff50,RN,6
599,Staff57,RN,6
599,Staff58,CN,2
599,Staff59,CN,3
599,Staff61,RN,3
599,Staff62,CN,1
599,Staff69,LPN,21
599,Staff77,RN,4
599,Staff81,CN,3
599,Staff83,LPN,22
599,Staff85,CN,2
599,Staff90,CN,3
599,Staff91,CN,2
599,Staff92,LPN,18
599,Staff93,CN,2
599,Staff94,CN,1
599,Staff97,RN,6
599,Staff99,RN,5
599,Staff101,CN,1
599,Staff102,RN,6
599,Staff112,CN,4
599,Staff113,CN,4
599,Staff116,CN,1
599,Staff118,CN,0
599,Staff119,RN,5
599,Staff123,LPN,17
599,Staff129,CN,3
599,Staff130,LPN,12
599,Staff131,LPN,22
599,Staff133,CN,2
599,Staff139,CN,3
599,Staff140,LPN,24
599,Staff141,CN,2
599,Staff144,CN,2
599,Staff145,RN,6
599,Staff148,RN,5
599,Staff152,LPN,18
599,Staff155,CN,0
599,Staff157,CN,2
599,Staff158,RN,7
599,Staff159,CN,1
599,Staff160,CN,1
599,Staff161,RN,5
599,Staff162,CN,2
599,Staff164,CN,5
599,Staff165,RN,7
599,Staff166,CN,4
599,Staff169,LPN,24
607,Staff22,CN,1
607,Staff26,LPN,20
607,Staff31,LPN,13
607,Staff32,RN,4
607,Staff36,RN,4
607,Staff40,CN,1
607,Staff49,CN,1
607,Staff51,CN,1
607,Staff52,CN,1
607,Staff54,CN,3
607,Staff66,CN,2
607,Staff72,CN,2
607,Staff73,CN,4
607,Staff78,RN,3
607,Staff87,LPN,16
607,Staff89,LPN,24
607,Staff104,CN,0
607,Staff120,RN,5
607,Staff121,CN,1
607,Staff127,CN,2
607,Staff137,CN,2
607,Staff138,CN,3
607,Staff147,CN,3
607,Staff149,LPN,17
607,Staff150,CN,2
607,Staff151,CN,0
607,Staff154,CN,2
607,Staff156,CN,1
615,Staff0,LPN,11
615,Staff3,CN,3
615,Staff5,LPN,23
615,Staff6,LPN,14
615,Staff7,CN,2
615,Staff8,CN,3
615,Staff9,CN,2
615,Staff10,CN,4
615,Staff12,CN,4
615,Staff14,RN,6
615,Staff15,CN,1
615,Staff17,LPN,21
615,Staff21,CN,5
615,Staff25,CN,1
615,Staff28,CN,3
615,Staff29,CN,3
615,Staff34,CN,1
615,Staff42,CN,2
615,Staff45,CN,2
615,Staff46,CN,1
615,Staff48,CN,2
615,Staff53,CN,2
615,Staff55,CN,3
615,Staff60,CN,1
615,Staff63,CN,1
615,Staff64,LPN,11
615,Staff65,CN,1
615,Staff67,LPN,26
615,Staff70,CN,2
615,Staff71,RN,5
615,Staff74,LPN,20
615,Staff75,CN,3
615,Staff76,CN,2
615,Staff79,CN,4
615,Staff80,CN,2
615,Staff82,CN,1
615,Staff84,CN,2
615,Staff86,RN,4
615,Staff88,CN,0
615,Staff95,CN,3
615,Staff98,RN,5
615,Staff100,CN,2
615,Staff103,CN,3
615,Staff105,CN,2
615,Staff106,CN,2
615,Staff107,RN,7
615,Staff108,RN,6
615,Staff109,CN,5
615,Staff110,CN,5
615,Staff111,LPN,15
615,Staff114,LPN,22
615,Staff117,CN,4
615,Staff122,CN,2
615,Staff124,LPN,16
615,Staff125,CN,0
615,Staff126,CN,3
615,Staff128,CN,0
615,Staff132,CN,1
615,Staff134,RN,4
615,Staff135,RN,5
615,Staff136,CN,5
615,Staff142,CN,5
615,Staff143,LPN,16
615,Staff163,CN,5
615,Staff167,CN,2
615,Staff168,CN,1
623,Staff1,CN,3
623,Staff4,CN,4
623,Staff11,CN,3
623,Staff13,CN,4
623,Staff16,CN,0
623,Staff18,CN,2
623,Staff19,CN,5
623,Staff20,LPN,22
623,Staff27,CN,1
623,Staff30,CN,1
623,Staff33,CN,3
623,Staff35,LPN,25
623,Staff37,CN,3
623,Staff38,CN,3
623,Staff39,CN,1
623,Staff41,CN,1
623,Staff44,CN,4
623,Staff50,RN,5
623,Staff57,RN,5
623,Staff58,CN,1
623,Staff59,CN,2
623,Staff61,RN,5
623,Staff62,CN,3
623,Staff69,LPN,26
623,Staff77,RN,3
623,Staff81,CN,2
623,Staff83,LPN,16
623,Staff85,CN,2
623,Staff90,CN,3
623,Staff92,LPN,23
623,Staff93,CN,0
623,Staff94,CN,2
623,Staff97,RN,4
623,Staff99,RN,6
623,Staff101,CN,1
623,Staff102,RN,5
623,Staff112,CN,2
623,Staff113,CN,1
623,Staff116,CN,3
623,Staff118,CN,2
623,Staff119,RN,5
623,Staff123,LPN,13
623,Staff129,CN,2
623,Staff130,LPN,16
623,Staff131,LPN,21
623,Staff133,CN,4
623,Staff139,CN,1
623,Staff140,LPN,18
623,Staff141,CN,2
623,Staff144,CN,3
623,Staff145,RN,7
623,Staff148,RN,7
623,Staff152,LPN,17
623,Staff155,CN,1
623,Staff157,CN,2
623,Staff158,RN,4
623,Staff159,CN,2
623,Staff160,CN,1
623,Staff161,RN,7
623,Staff162,CN,0
623,Staff164,CN,3
623,Staff165,RN,5
623,Staff166,CN,1
623,Staff169,LPN,22
631,Staff22,CN,2
631,Staff26,LPN,20
631,Staff31,LPN,21
631,Staff32,RN,7
631,Staff36,RN,6
631,Staff40,CN,3
631,Staff49,CN,1
631,Staff51,CN,2
631,Staff52,CN,5
631,Staff54,CN,3
631,Staff66,CN,2
631,Staff72,CN,2
631,Staff73,CN,2
631,Staff78,RN,4
631,Staff87,LPN,21
631,Staff89,LPN,15
631,Staff104,CN,3
631,Staff120,RN,4
631,Staff121,CN,0
631,Staff127,CN,1
631,Staff137,CN,0
631,Staff138,CN,2
631,Staff147,CN,3
631,Staff149,LPN,19
631,Staff150,CN,4
631,Staff151,CN,3
631,Staff154,CN,1
631,Staff156,CN,4
639,Staff0,LPN,21
639,Staff3,CN,2
639,Staff5,LPN,16
639,Staff6,LPN,24
639,Staff7,CN,3
639,Staff8,CN,3
639,Staff9,CN,5
639,Staff10,CN,1
639,Staff12,CN,3
639,Staff14,RN,6
639,Staff15,CN,2
639,Staff17,LPN,21
639,Staff21,CN,0
639,Staff25,CN,2
639,Staff28,CN,1
639,Staff29,CN,2
639,Staff34,CN,3
639,Staff42,CN,1
639,Staff45,CN,3
639,Staff46,CN,2
639,Staff48,CN,3
639,Staff53,CN,0
639,Staff55,CN,0
639,Staff60,CN,2
639,Staff63,CN,5
639,Staff64,LPN,28
639,Staff65,CN,2
639,Staff67,LPN,19
639,Staff70,CN,3
639,Staff71,RN,6
639,Staff74,LPN,21
639,Staff75,CN,1
639,Staff76,CN,1
639,Staff79,CN,2
639,Staff80,CN,2
639,Staff82,CN,2
639,Staff84,CN,4
639,Staff86,RN,3
639,Staff88,CN,3
639,Staff95,CN,2
639,Staff98,RN,4
639,Staff100,CN,3
639,Staff103,CN,1
639,Staff105,CN,2
639,Staff106,CN,2
639,Staff107,RN,5
639,Staff108,RN,4
639,Staff109,CN,2
639,Staff110,CN,3
639,Staff111,LPN,17
639,Staff114,LPN,26
639,Staff117,CN,3
639,Staff122,CN,3
639,Staff124,LPN,25
639,Staff125,CN,2
639,Staff126,CN,0
639,Staff128,CN,2
639,Staff132,CN,1
639,Staff134,RN,6
639,Staff135,RN,5
639,Staff136,CN,4
639,Staff142,CN,4
639,Staff143,LPN,21
639,Staff163,CN,2
639,Staff167,CN,2
639,Staff168,CN,0
647,Staff1,CN,2
647,Staff4,CN,1
647,Staff11,CN,1
647,Staff13,CN,1
647,Staff16,CN,3
647,Staff18,CN,1
647,Staff19,CN,1
647,Staff20,LPN,25
647,Staff27,CN,2
647,Staff30,CN,2
647,Staff33,CN,1
647,Staff35,LPN,21
647,Staff37,CN,3
647,Staff38,CN,1
647,Staff39,CN,5
647,Staff41,CN,3
647,Staff44,CN,2
647,Staff50,RN,5
647,Staff57,RN,6
647,Staff58,CN,2
647,Staff59,CN,3
647,Staff61,RN,7
647,Staff62,CN,1
647,Staff69,LPN,25
647,Staff77,RN,4
647,Staff81,CN,4
647,Staff83,LPN,19
647,Staff85,CN,2
647,Staff90,CN,1
647,Staff92,LPN,20
647,Staff93,CN,2
647,Staff94,CN,0
647,Staff97,RN,6
647,Staff99,RN,5
647,Staff101,CN,1
647,Staff102,RN,6
647,Staff112,CN,3
647,Staff113,CN,2
647,Staff116,CN,1
647,Staff118,CN,2
647,Staff119,RN,3
647,Staff123,LPN,23
647,Staff129,CN,4
647,Staff130,LPN,15
647,Staff131,LPN,20
647,Staff133,CN,1
647,Staff139,CN,2
647,Staff140,LPN,22
647,Staff141,CN,0
647,Staff144,CN,3
647,Staff145,RN,6
647,Staff148,RN,5
647,Staff152,LPN,23
647,Staff155,CN,2
647,Staff157,CN,3
647,Staff158,RN,7
647,Staff159,CN,4
647,Staff160,CN,2
647,Staff161,RN,5
647,Staff162,CN,2
647,Staff164,CN,1
647,Staff165,RN,3
647,Staff166,CN,3
647,Staff169,LPN,27
655,Staff22,CN,2
655,Staff26,LPN,20
655,Staff31,LPN,27
655,Staff32,RN,6
655,Staff36,RN,7
655,Staff40,CN,1
655,Staff49,CN,5
655,Staff51,CN,1
655,Staff52,CN,3
655,Staff54,CN,3
655,Staff66,CN,1
655,Staff72,CN,2
655,Staff73,CN,1
655,Staff78,RN,6
655,Staff87,LPN,20
655,Staff89,LPN,21
655,Staff104,CN,2
655,Staff120,RN,5
655,Staff121,CN,3
655,Staff127,CN,2
655,Staff137,CN,3
655,Staff138,CN,2
655,Staff147,CN,1
655,Staff149,LPN,24
655,Staff150,CN,4
655,Staff151,CN,2
655,Staff154,CN,0
655,Staff156,CN,1
663,Staff0,LPN,22
663,Staff3,CN,2
663,Staff5,LPN,16
663,Staff6,LPN,26
663,Staff7,CN,4
663,Staff8,CN,4
663,Staff9,CN,2
663,Staff10,CN,3
663,Staff12,CN,4
663,Staff14,RN,4
663,Staff15,CN,2
663,Staff17,LPN,17
663,Staff21,CN,0
663,Staff25,CN,3
663,Staff28,CN,1
663,Staff29,CN,5
663,Staff34,CN,1
663,Staff42,CN,3
663,Staff45,CN,1
663,Staff46,CN,0
663,Staff48,CN,4
663,Staff53,CN,3
663,Staff55,CN,2
663,Staff60,CN,2
663,Staff63,CN,3
663,Staff64,LPN,14
663,Staff65,CN,0
663,Staff67,LPN,20
663,Staff70,CN,2
663,Staff71,RN,6
663,Staff74,LPN,21
663,Staff75,CN,2
663,Staff76,CN,2
663,Staff79,CN,2
663,Staff80,CN,3
663,Staff82,CN,1
663,Staff84,CN,2
663,Staff86,RN,6
663,Staff88,CN,0
663,Staff95,CN,1
663,Staff98,RN,3
663,Staff100,CN,2
663,Staff103,CN,2
663,Staff105,CN,2
663,Staff106,CN,1
663,Staff107,RN,6
663,Staff108,RN,6
663,Staff109,CN,4
663,Staff110,CN,0
663,Staff111,LPN,16
663,Staff114,LPN,14
663,Staff117,CN,1
663,Staff122,CN,2
663,Staff124,LPN,22
663,Staff125,CN,0
663,Staff126,CN,2
663,Staff128,CN,0
663,Staff132,CN,1
663,Staff134,RN,3
663,Staff135,RN,6
663,Staff136,CN,4
663,Staff142,CN,1
663,Staff143,LPN,22
663,Staff163,CN,2
663,Staff167,CN,0
663,Staff168,CN,3
671,Staff1,CN,2
671,Staff4,CN,1
671,Staff11,CN,0
671,Staff13,CN,2
671,Staff16,CN,3
671,Staff18,CN,3
671,Staff19,CN,1
671,Staff20,LPN,20
671,Staff27,CN,2
671,Staff30,CN,2
671,Staff33,CN,2
671,Staff35,LPN,14
671,Staff37,CN,6
671,Staff38,CN,2
671,Staff39,CN,3
671,Staff41,CN,1
671,Staff44,CN,1
671,Staff50,RN,5
671,Staff57,RN,7
671,Staff58,CN,3
671,Staff59,CN,0
671,Staff61,RN,7
671,Staff62,CN,4
671,Staff69,LPN,21
671,Staff77,RN,6
671,Staff81,CN,1
671,Staff83,LPN,25
671,Staff85,CN,3
671,Staff90,CN,2
671,Staff92,LPN,24
671,Staff93,CN,2
671,Staff94,CN,2
671,Staff97,RN,4
671,Staff99,RN,4
671,Staff101,CN,1
671,Staff102,RN,6
671,Staff112,CN,3
671,Staff113,CN,0
671,Staff116,CN,3
671,Staff118,CN,2
671,Staff119,RN,6
671,Staff123,LPN,25
671,Staff129,CN,3
671,Staff130,LPN,22
671,Staff131,LPN,23
671,Staff133,CN,2
671,Staff139,CN,3
671,Staff140,LPN,16
671,Staff141,CN,4
671,Staff144,CN,2
671,Staff145,RN,5
671,Staff148,RN,7
671,Staff152,LPN,16
671,Staff155,CN,1
671,Staff157,CN,1
671,Staff158,RN,5
671,Staff159,CN,1
671,Staff160,CN,2
671,Staff161,RN,6
671,Staff162,CN,3
671,Staff164,CN,4
671,Staff165,RN,5
671,Staff166,CN,2
671,Staff169,LPN,10
679,Staff22,CN,1
679,Staff26,LPN,17
679,Staff31,LPN,23
679,Staff32,RN,5
679,Staff36,RN,4
679,Staff40,CN,2
679,Staff49,CN,2
679,Staff51,CN,1
679,Staff52,CN,1
679,Staff54,CN,2
679,Staff66,CN,1
679,Staff72,CN,2
679,Staff73,CN,3
679,Staff78,RN,6
679,Staff87,LPN,21
679,Staff89,LPN,22
679,Staff104,CN,2
679,Staff120,RN,6
679,Staff121,CN,1
679,Staff127,CN,2
679,Staff137,CN,2
679,Staff138,CN,1
679,Staff147,CN,1
679,Staff149,LPN,22
679,Staff150,CN,2
679,Staff151,CN,2
679,Staff154,CN,2
679,Staff156,CN,3
687,Staff0,LPN,26
687,Staff3,CN,1
687,Staff5,LPN,11
687,Staff6,LPN,30
687,Staff7,CN,2
687,Staff8,CN,1
687,Staff9,CN,4
687,Staff10,CN,3
687,Staff12,CN,1
687,Staff14,RN,4
687,Staff15,CN,2
687,Staff17,LPN,18
687,Staff21,CN,2
687,Staff25,CN,0
687,Staff28,CN,4
687,Staff29,CN,3
687,Staff34,CN,2
687,Staff42,CN,3
687,Staff45,CN,2
687,Staff46,CN,1
687,Staff48,CN,0
687,Staff53,CN,2
687,Staff55,CN,1
687,Staff60,CN,1
687,Staff63,CN,2
687,Staff64,LPN,18
687,Staff65,CN,3
687,Staff67,LPN,26
687,Staff70,CN,2
687,Staff71,RN,4
687,Staff74,LPN,15
687,Staff75,CN,2
687,Staff76,CN,4
687,Staff79,CN,1
687,Staff80,CN,4
687,Staff82,CN,1
687,Staff84,CN,2
687,Staff86,RN,6
687,Staff88,CN,3
687,Staff95,CN,3
687,Staff98,RN,5
687,Staff100,CN,3
687,Staff103,CN,1
687,Staff105,CN,3
687,Staff106,CN,0
687,Staff107,RN,5
687,Staff108,RN,7
687,Staff109,CN,2
687,Staff110,CN,1
687,Staff111,LPN,11
687,Staff114,LPN,12
687,Staff117,CN,4
687,Staff122,CN,4
687,Staff124,LPN,17
687,Staff125,CN,3
687,Staff126,CN,0
687,Staff128,CN,2
687,Staff132,CN,1
687,Staff134,RN,6
687,Staff135,RN,4
687,Staff136,CN,3
687,Staff142,CN,2
687,Staff143,LPN,17
687,Staff163,CN,2
687,Staff167,CN,1
687,Staff168,CN,1
695,Staff1,CN,3
695,Staff4,CN,1
695,Staff11,CN,2
695,Staff13,CN,3
695,Staff16,CN,3
695,Staff18,CN,3
695,Staff19,CN,0
695,Staff20,LPN,18
695,Staff27,CN,1
695,Staff30,CN,2
695,Staff33,CN,0
695,Staff35,LPN,24
695,Staff37,CN,5
695,Staff38,CN,4
695,Staff39,CN,1
695,Staff41,CN,3
695,Staff44,CN,3
695,Staff50,RN,2
695,Staff57,RN,6
695,Staff58,CN,3
695,Staff59,CN,1
695,Staff61,RN,6
695,Staff62,CN,3
695,Staff69,LPN,23
695,Staff77,RN,5
695,Staff81,CN,4
695,Staff83,LPN,23
695,Staff85,CN,1
695,Staff90,CN,0
695,Staff92,LPN,12
695,Staff93,CN,5
695,Staff94,CN,3
695,Staff97,RN,5
695,Staff99,RN,6
695,Staff101,CN,1
695,Staff102,RN,7
695,Staff112,CN,2
695,Staff113,CN,1
695,Staff116,CN,2
695,Staff118,CN,2
695,Staff119,RN,4
695,Staff123,LPN,18
695,Staff129,CN,5
695,Staff130,LPN,16
695,Staff131,LPN,27
695,Staff133,CN,4
695,Staff139,CN,2
695,Staff140,LPN,13
695,Staff141,CN,2
695,Staff144,CN,1
695,Staff145,RN,7
695,Staff148,RN,5
695,Staff152,LPN,24
695,Staff155,CN,1
695,Staff157,CN,5
695,Staff158,RN,5
695,Staff159,CN,1
695,Staff160,CN,1
695,Staff161,RN,4
695,Staff162,CN,0
695,Staff164,CN,3
695,Staff165,RN,4
695,Staff166,CN,0
695,Staff169,LPN,21
703,Staff22,CN,5
703,Staff26,LPN,18
703,Staff31,LPN,20
703,Staff32,RN,5
703,Staff36,RN,6
703,Staff40,CN,2
703,Staff49,CN,2
703,Staff51,CN,2
703,Staff52,CN,4
703,Staff54,CN,2
703,Staff66,CN,5
703,Staff72,CN,4
703,Staff73,CN,0
703,Staff78,RN,5
703,Staff87,LPN,20
703,Staff89,LPN,26
703,Staff104,CN,1
703,Staff120,RN,7
703,Staff121,CN,2
703,Staff127,CN,2
703,Staff137,CN,2
703,Staff138,CN,2
703,Staff147,CN,1
703,Staff149,LPN,19
703,Staff150,CN,1
703,Staff151,CN,2
703,Staff154,CN,2
703,Staff156,CN,4
711,Staff0,LPN,26
711,Staff3,CN,3
711,Staff5,LPN,20
711,Staff6,LPN,26
711,Staff7,CN,2
711,Staff8,CN,1
711,Staff9,CN,1
711,Staff10,CN,1
711,Staff12,CN,2
711,Staff14,RN,4
711,Staff15,CN,2
711,Staff17,LPN,17
711,Staff21,CN,2
711,Staff25,CN,3
711,Staff28,CN,1
711,Staff29,CN,3
711,Staff34,CN,2
711,Staff42,CN,1
711,Staff45,CN,3
711,Staff46,CN,1
711,Staff48,CN,4
711,Staff53,CN,2
711,Staff55,CN,0
711,Staff60,CN,3
711,Staff63,CN,1
711,Staff64,LPN,20
711,Staff65,CN,3
711,Staff67,LPN,16
711,Staff70,CN,2
711,Staff71,RN,4
711,Staff74,LPN,21
711,Staff75,CN,2
711,Staff76,CN,3
711,Staff79,CN,1
711,Staff80,CN,1
711,Staff82,CN,3
711,Staff84,CN,4
711,Staff86,RN,6
711,Staff88,CN,2
711,Staff95,CN,1
711,Staff98,RN,6
711,Staff100,CN,1
711,Staff103,CN,2
711,Staff105,CN,5
711,Staff106,CN,2
711,Staff107,RN,6
711,Staff108,RN,6
711,Staff109,CN,4
711,Staff110,CN,1
711,Staff111,LPN,20
711,Staff114,LPN,20
711,Staff117,CN,3
711,Staff122,CN,2
711,Staff124,LPN,19
711,Staff125,CN,3
711,Staff126,CN,4
711,Staff128,CN,3
711,Staff132,CN,1
711,Staff134,RN,4
711,Staff135,RN,4
711,Staff136,CN,1
711,Staff142,CN,2
711,Staff143,LPN,24
711,Staff163,CN,1
711,Staff167,CN,3
711,Staff168,CN,4
719,Staff1,CN,3
719,Staff4,CN,1
719,Staff11,CN,3
719,Staff13,CN,1
719,Staff16,CN,3
719,Staff18,CN,1
719,Staff19,CN,1
719,Staff20,LPN,21
719,Staff27,CN,0
719,Staff30,CN,2
719,Staff33,CN,3
719,Staff35,LPN,16
719,Staff37,CN,1
719,Staff38,CN,2
719,Staff39,CN,0
719,Staff41,CN,3
719,Staff44,CN,1
719,Staff50,RN,6
719,Staff57,RN,6
719,Staff58,CN,3
719,Staff59,CN,4
719,Staff61,RN,4
719,Staff62,CN,2
719,Staff69,LPN,25
719,Staff77,RN,7
719,Staff81,CN,2
719,Staff83,LPN,19
719,Staff85,CN,0
719,Staff90,CN,0
719,Staff92,LPN,19
719,Staff93,CN,1
719,Staff94,CN,1
719,Staff97,RN,3
719,Staff99,RN,5
719,Staff101,CN,2
719,Staff102,RN,6
719,Staff112,CN,0
719,Staff113,CN,3
719,Staff116,CN,4
719,Staff118,CN,2
719,Staff119,RN,4
719,Staff123,LPN,21
719,Staff129,CN,2
719,Staff130,LPN,22
719,Staff131,LPN,22
719,Staff133,CN,1
719,Staff139,CN,3
719,Staff140,LPN,20
719,Staff141,CN,1
719,Staff144,CN,2
719,Staff145,RN,6
719,Staff148,RN,4
719,Staff152,LPN,26
719,Staff155,CN,1
719,Staff157,CN,3
719,Staff158,RN,4
719,Staff159,CN,1
719,Staff160,CN,3
719,Staff161,RN,6
719,Staff162,CN,1
719,Staff164,CN,1
719,Staff165,RN,5
719,Staff166,CN,2
719,Staff169,LPN,20
